%YAML:1.0
my_boost_tree: !!opencv-ml-boost-tree
   boosting_type: RealAdaboost
   splitting_criteria: Gini
   ntrees: 40
   weight_trimming_rate: 9.4999999999999996e-01
   is_classifier: 1
   var_all: 8100
   var_count: 8100
   ord_var_count: 8100
   cat_var_count: 0
   training_params:
      use_surrogates: 0
      max_categories: 10
      max_depth: 1
      min_sample_count: 10
      cross_validation_folds: 0
      priors: !!opencv-matrix
         rows: 1
         cols: 2
         dt: d
         data: [ 1., 1. ]
   var_type: [ 0, 0, 0, 0, 0, 0, 0, 0, 0, 0, 0, 0, 0, 0, 0, 0, 0, 0, 0,
       0, 0, 0, 0, 0, 0, 0, 0, 0, 0, 0, 0, 0, 0, 0, 0, 0, 0, 0, 0, 0, 0,
       0, 0, 0, 0, 0, 0, 0, 0, 0, 0, 0, 0, 0, 0, 0, 0, 0, 0, 0, 0, 0, 0,
       0, 0, 0, 0, 0, 0, 0, 0, 0, 0, 0, 0, 0, 0, 0, 0, 0, 0, 0, 0, 0, 0,
       0, 0, 0, 0, 0, 0, 0, 0, 0, 0, 0, 0, 0, 0, 0, 0, 0, 0, 0, 0, 0, 0,
       0, 0, 0, 0, 0, 0, 0, 0, 0, 0, 0, 0, 0, 0, 0, 0, 0, 0, 0, 0, 0, 0,
       0, 0, 0, 0, 0, 0, 0, 0, 0, 0, 0, 0, 0, 0, 0, 0, 0, 0, 0, 0, 0, 0,
       0, 0, 0, 0, 0, 0, 0, 0, 0, 0, 0, 0, 0, 0, 0, 0, 0, 0, 0, 0, 0, 0,
       0, 0, 0, 0, 0, 0, 0, 0, 0, 0, 0, 0, 0, 0, 0, 0, 0, 0, 0, 0, 0, 0,
       0, 0, 0, 0, 0, 0, 0, 0, 0, 0, 0, 0, 0, 0, 0, 0, 0, 0, 0, 0, 0, 0,
       0, 0, 0, 0, 0, 0, 0, 0, 0, 0, 0, 0, 0, 0, 0, 0, 0, 0, 0, 0, 0, 0,
       0, 0, 0, 0, 0, 0, 0, 0, 0, 0, 0, 0, 0, 0, 0, 0, 0, 0, 0, 0, 0, 0,
       0, 0, 0, 0, 0, 0, 0, 0, 0, 0, 0, 0, 0, 0, 0, 0, 0, 0, 0, 0, 0, 0,
       0, 0, 0, 0, 0, 0, 0, 0, 0, 0, 0, 0, 0, 0, 0, 0, 0, 0, 0, 0, 0, 0,
       0, 0, 0, 0, 0, 0, 0, 0, 0, 0, 0, 0, 0, 0, 0, 0, 0, 0, 0, 0, 0, 0,
       0, 0, 0, 0, 0, 0, 0, 0, 0, 0, 0, 0, 0, 0, 0, 0, 0, 0, 0, 0, 0, 0,
       0, 0, 0, 0, 0, 0, 0, 0, 0, 0, 0, 0, 0, 0, 0, 0, 0, 0, 0, 0, 0, 0,
       0, 0, 0, 0, 0, 0, 0, 0, 0, 0, 0, 0, 0, 0, 0, 0, 0, 0, 0, 0, 0, 0,
       0, 0, 0, 0, 0, 0, 0, 0, 0, 0, 0, 0, 0, 0, 0, 0, 0, 0, 0, 0, 0, 0,
       0, 0, 0, 0, 0, 0, 0, 0, 0, 0, 0, 0, 0, 0, 0, 0, 0, 0, 0, 0, 0, 0,
       0, 0, 0, 0, 0, 0, 0, 0, 0, 0, 0, 0, 0, 0, 0, 0, 0, 0, 0, 0, 0, 0,
       0, 0, 0, 0, 0, 0, 0, 0, 0, 0, 0, 0, 0, 0, 0, 0, 0, 0, 0, 0, 0, 0,
       0, 0, 0, 0, 0, 0, 0, 0, 0, 0, 0, 0, 0, 0, 0, 0, 0, 0, 0, 0, 0, 0,
       0, 0, 0, 0, 0, 0, 0, 0, 0, 0, 0, 0, 0, 0, 0, 0, 0, 0, 0, 0, 0, 0,
       0, 0, 0, 0, 0, 0, 0, 0, 0, 0, 0, 0, 0, 0, 0, 0, 0, 0, 0, 0, 0, 0,
       0, 0, 0, 0, 0, 0, 0, 0, 0, 0, 0, 0, 0, 0, 0, 0, 0, 0, 0, 0, 0, 0,
       0, 0, 0, 0, 0, 0, 0, 0, 0, 0, 0, 0, 0, 0, 0, 0, 0, 0, 0, 0, 0, 0,
       0, 0, 0, 0, 0, 0, 0, 0, 0, 0, 0, 0, 0, 0, 0, 0, 0, 0, 0, 0, 0, 0,
       0, 0, 0, 0, 0, 0, 0, 0, 0, 0, 0, 0, 0, 0, 0, 0, 0, 0, 0, 0, 0, 0,
       0, 0, 0, 0, 0, 0, 0, 0, 0, 0, 0, 0, 0, 0, 0, 0, 0, 0, 0, 0, 0, 0,
       0, 0, 0, 0, 0, 0, 0, 0, 0, 0, 0, 0, 0, 0, 0, 0, 0, 0, 0, 0, 0, 0,
       0, 0, 0, 0, 0, 0, 0, 0, 0, 0, 0, 0, 0, 0, 0, 0, 0, 0, 0, 0, 0, 0,
       0, 0, 0, 0, 0, 0, 0, 0, 0, 0, 0, 0, 0, 0, 0, 0, 0, 0, 0, 0, 0, 0,
       0, 0, 0, 0, 0, 0, 0, 0, 0, 0, 0, 0, 0, 0, 0, 0, 0, 0, 0, 0, 0, 0,
       0, 0, 0, 0, 0, 0, 0, 0, 0, 0, 0, 0, 0, 0, 0, 0, 0, 0, 0, 0, 0, 0,
       0, 0, 0, 0, 0, 0, 0, 0, 0, 0, 0, 0, 0, 0, 0, 0, 0, 0, 0, 0, 0, 0,
       0, 0, 0, 0, 0, 0, 0, 0, 0, 0, 0, 0, 0, 0, 0, 0, 0, 0, 0, 0, 0, 0,
       0, 0, 0, 0, 0, 0, 0, 0, 0, 0, 0, 0, 0, 0, 0, 0, 0, 0, 0, 0, 0, 0,
       0, 0, 0, 0, 0, 0, 0, 0, 0, 0, 0, 0, 0, 0, 0, 0, 0, 0, 0, 0, 0, 0,
       0, 0, 0, 0, 0, 0, 0, 0, 0, 0, 0, 0, 0, 0, 0, 0, 0, 0, 0, 0, 0, 0,
       0, 0, 0, 0, 0, 0, 0, 0, 0, 0, 0, 0, 0, 0, 0, 0, 0, 0, 0, 0, 0, 0,
       0, 0, 0, 0, 0, 0, 0, 0, 0, 0, 0, 0, 0, 0, 0, 0, 0, 0, 0, 0, 0, 0,
       0, 0, 0, 0, 0, 0, 0, 0, 0, 0, 0, 0, 0, 0, 0, 0, 0, 0, 0, 0, 0, 0,
       0, 0, 0, 0, 0, 0, 0, 0, 0, 0, 0, 0, 0, 0, 0, 0, 0, 0, 0, 0, 0, 0,
       0, 0, 0, 0, 0, 0, 0, 0, 0, 0, 0, 0, 0, 0, 0, 0, 0, 0, 0, 0, 0, 0,
       0, 0, 0, 0, 0, 0, 0, 0, 0, 0, 0, 0, 0, 0, 0, 0, 0, 0, 0, 0, 0, 0,
       0, 0, 0, 0, 0, 0, 0, 0, 0, 0, 0, 0, 0, 0, 0, 0, 0, 0, 0, 0, 0, 0,
       0, 0, 0, 0, 0, 0, 0, 0, 0, 0, 0, 0, 0, 0, 0, 0, 0, 0, 0, 0, 0, 0,
       0, 0, 0, 0, 0, 0, 0, 0, 0, 0, 0, 0, 0, 0, 0, 0, 0, 0, 0, 0, 0, 0,
       0, 0, 0, 0, 0, 0, 0, 0, 0, 0, 0, 0, 0, 0, 0, 0, 0, 0, 0, 0, 0, 0,
       0, 0, 0, 0, 0, 0, 0, 0, 0, 0, 0, 0, 0, 0, 0, 0, 0, 0, 0, 0, 0, 0,
       0, 0, 0, 0, 0, 0, 0, 0, 0, 0, 0, 0, 0, 0, 0, 0, 0, 0, 0, 0, 0, 0,
       0, 0, 0, 0, 0, 0, 0, 0, 0, 0, 0, 0, 0, 0, 0, 0, 0, 0, 0, 0, 0, 0,
       0, 0, 0, 0, 0, 0, 0, 0, 0, 0, 0, 0, 0, 0, 0, 0, 0, 0, 0, 0, 0, 0,
       0, 0, 0, 0, 0, 0, 0, 0, 0, 0, 0, 0, 0, 0, 0, 0, 0, 0, 0, 0, 0, 0,
       0, 0, 0, 0, 0, 0, 0, 0, 0, 0, 0, 0, 0, 0, 0, 0, 0, 0, 0, 0, 0, 0,
       0, 0, 0, 0, 0, 0, 0, 0, 0, 0, 0, 0, 0, 0, 0, 0, 0, 0, 0, 0, 0, 0,
       0, 0, 0, 0, 0, 0, 0, 0, 0, 0, 0, 0, 0, 0, 0, 0, 0, 0, 0, 0, 0, 0,
       0, 0, 0, 0, 0, 0, 0, 0, 0, 0, 0, 0, 0, 0, 0, 0, 0, 0, 0, 0, 0, 0,
       0, 0, 0, 0, 0, 0, 0, 0, 0, 0, 0, 0, 0, 0, 0, 0, 0, 0, 0, 0, 0, 0,
       0, 0, 0, 0, 0, 0, 0, 0, 0, 0, 0, 0, 0, 0, 0, 0, 0, 0, 0, 0, 0, 0,
       0, 0, 0, 0, 0, 0, 0, 0, 0, 0, 0, 0, 0, 0, 0, 0, 0, 0, 0, 0, 0, 0,
       0, 0, 0, 0, 0, 0, 0, 0, 0, 0, 0, 0, 0, 0, 0, 0, 0, 0, 0, 0, 0, 0,
       0, 0, 0, 0, 0, 0, 0, 0, 0, 0, 0, 0, 0, 0, 0, 0, 0, 0, 0, 0, 0, 0,
       0, 0, 0, 0, 0, 0, 0, 0, 0, 0, 0, 0, 0, 0, 0, 0, 0, 0, 0, 0, 0, 0,
       0, 0, 0, 0, 0, 0, 0, 0, 0, 0, 0, 0, 0, 0, 0, 0, 0, 0, 0, 0, 0, 0,
       0, 0, 0, 0, 0, 0, 0, 0, 0, 0, 0, 0, 0, 0, 0, 0, 0, 0, 0, 0, 0, 0,
       0, 0, 0, 0, 0, 0, 0, 0, 0, 0, 0, 0, 0, 0, 0, 0, 0, 0, 0, 0, 0, 0,
       0, 0, 0, 0, 0, 0, 0, 0, 0, 0, 0, 0, 0, 0, 0, 0, 0, 0, 0, 0, 0, 0,
       0, 0, 0, 0, 0, 0, 0, 0, 0, 0, 0, 0, 0, 0, 0, 0, 0, 0, 0, 0, 0, 0,
       0, 0, 0, 0, 0, 0, 0, 0, 0, 0, 0, 0, 0, 0, 0, 0, 0, 0, 0, 0, 0, 0,
       0, 0, 0, 0, 0, 0, 0, 0, 0, 0, 0, 0, 0, 0, 0, 0, 0, 0, 0, 0, 0, 0,
       0, 0, 0, 0, 0, 0, 0, 0, 0, 0, 0, 0, 0, 0, 0, 0, 0, 0, 0, 0, 0, 0,
       0, 0, 0, 0, 0, 0, 0, 0, 0, 0, 0, 0, 0, 0, 0, 0, 0, 0, 0, 0, 0, 0,
       0, 0, 0, 0, 0, 0, 0, 0, 0, 0, 0, 0, 0, 0, 0, 0, 0, 0, 0, 0, 0, 0,
       0, 0, 0, 0, 0, 0, 0, 0, 0, 0, 0, 0, 0, 0, 0, 0, 0, 0, 0, 0, 0, 0,
       0, 0, 0, 0, 0, 0, 0, 0, 0, 0, 0, 0, 0, 0, 0, 0, 0, 0, 0, 0, 0, 0,
       0, 0, 0, 0, 0, 0, 0, 0, 0, 0, 0, 0, 0, 0, 0, 0, 0, 0, 0, 0, 0, 0,
       0, 0, 0, 0, 0, 0, 0, 0, 0, 0, 0, 0, 0, 0, 0, 0, 0, 0, 0, 0, 0, 0,
       0, 0, 0, 0, 0, 0, 0, 0, 0, 0, 0, 0, 0, 0, 0, 0, 0, 0, 0, 0, 0, 0,
       0, 0, 0, 0, 0, 0, 0, 0, 0, 0, 0, 0, 0, 0, 0, 0, 0, 0, 0, 0, 0, 0,
       0, 0, 0, 0, 0, 0, 0, 0, 0, 0, 0, 0, 0, 0, 0, 0, 0, 0, 0, 0, 0, 0,
       0, 0, 0, 0, 0, 0, 0, 0, 0, 0, 0, 0, 0, 0, 0, 0, 0, 0, 0, 0, 0, 0,
       0, 0, 0, 0, 0, 0, 0, 0, 0, 0, 0, 0, 0, 0, 0, 0, 0, 0, 0, 0, 0, 0,
       0, 0, 0, 0, 0, 0, 0, 0, 0, 0, 0, 0, 0, 0, 0, 0, 0, 0, 0, 0, 0, 0,
       0, 0, 0, 0, 0, 0, 0, 0, 0, 0, 0, 0, 0, 0, 0, 0, 0, 0, 0, 0, 0, 0,
       0, 0, 0, 0, 0, 0, 0, 0, 0, 0, 0, 0, 0, 0, 0, 0, 0, 0, 0, 0, 0, 0,
       0, 0, 0, 0, 0, 0, 0, 0, 0, 0, 0, 0, 0, 0, 0, 0, 0, 0, 0, 0, 0, 0,
       0, 0, 0, 0, 0, 0, 0, 0, 0, 0, 0, 0, 0, 0, 0, 0, 0, 0, 0, 0, 0, 0,
       0, 0, 0, 0, 0, 0, 0, 0, 0, 0, 0, 0, 0, 0, 0, 0, 0, 0, 0, 0, 0, 0,
       0, 0, 0, 0, 0, 0, 0, 0, 0, 0, 0, 0, 0, 0, 0, 0, 0, 0, 0, 0, 0, 0,
       0, 0, 0, 0, 0, 0, 0, 0, 0, 0, 0, 0, 0, 0, 0, 0, 0, 0, 0, 0, 0, 0,
       0, 0, 0, 0, 0, 0, 0, 0, 0, 0, 0, 0, 0, 0, 0, 0, 0, 0, 0, 0, 0, 0,
       0, 0, 0, 0, 0, 0, 0, 0, 0, 0, 0, 0, 0, 0, 0, 0, 0, 0, 0, 0, 0, 0,
       0, 0, 0, 0, 0, 0, 0, 0, 0, 0, 0, 0, 0, 0, 0, 0, 0, 0, 0, 0, 0, 0,
       0, 0, 0, 0, 0, 0, 0, 0, 0, 0, 0, 0, 0, 0, 0, 0, 0, 0, 0, 0, 0, 0,
       0, 0, 0, 0, 0, 0, 0, 0, 0, 0, 0, 0, 0, 0, 0, 0, 0, 0, 0, 0, 0, 0,
       0, 0, 0, 0, 0, 0, 0, 0, 0, 0, 0, 0, 0, 0, 0, 0, 0, 0, 0, 0, 0, 0,
       0, 0, 0, 0, 0, 0, 0, 0, 0, 0, 0, 0, 0, 0, 0, 0, 0, 0, 0, 0, 0, 0,
       0, 0, 0, 0, 0, 0, 0, 0, 0, 0, 0, 0, 0, 0, 0, 0, 0, 0, 0, 0, 0, 0,
       0, 0, 0, 0, 0, 0, 0, 0, 0, 0, 0, 0, 0, 0, 0, 0, 0, 0, 0, 0, 0, 0,
       0, 0, 0, 0, 0, 0, 0, 0, 0, 0, 0, 0, 0, 0, 0, 0, 0, 0, 0, 0, 0, 0,
       0, 0, 0, 0, 0, 0, 0, 0, 0, 0, 0, 0, 0, 0, 0, 0, 0, 0, 0, 0, 0, 0,
       0, 0, 0, 0, 0, 0, 0, 0, 0, 0, 0, 0, 0, 0, 0, 0, 0, 0, 0, 0, 0, 0,
       0, 0, 0, 0, 0, 0, 0, 0, 0, 0, 0, 0, 0, 0, 0, 0, 0, 0, 0, 0, 0, 0,
       0, 0, 0, 0, 0, 0, 0, 0, 0, 0, 0, 0, 0, 0, 0, 0, 0, 0, 0, 0, 0, 0,
       0, 0, 0, 0, 0, 0, 0, 0, 0, 0, 0, 0, 0, 0, 0, 0, 0, 0, 0, 0, 0, 0,
       0, 0, 0, 0, 0, 0, 0, 0, 0, 0, 0, 0, 0, 0, 0, 0, 0, 0, 0, 0, 0, 0,
       0, 0, 0, 0, 0, 0, 0, 0, 0, 0, 0, 0, 0, 0, 0, 0, 0, 0, 0, 0, 0, 0,
       0, 0, 0, 0, 0, 0, 0, 0, 0, 0, 0, 0, 0, 0, 0, 0, 0, 0, 0, 0, 0, 0,
       0, 0, 0, 0, 0, 0, 0, 0, 0, 0, 0, 0, 0, 0, 0, 0, 0, 0, 0, 0, 0, 0,
       0, 0, 0, 0, 0, 0, 0, 0, 0, 0, 0, 0, 0, 0, 0, 0, 0, 0, 0, 0, 0, 0,
       0, 0, 0, 0, 0, 0, 0, 0, 0, 0, 0, 0, 0, 0, 0, 0, 0, 0, 0, 0, 0, 0,
       0, 0, 0, 0, 0, 0, 0, 0, 0, 0, 0, 0, 0, 0, 0, 0, 0, 0, 0, 0, 0, 0,
       0, 0, 0, 0, 0, 0, 0, 0, 0, 0, 0, 0, 0, 0, 0, 0, 0, 0, 0, 0, 0, 0,
       0, 0, 0, 0, 0, 0, 0, 0, 0, 0, 0, 0, 0, 0, 0, 0, 0, 0, 0, 0, 0, 0,
       0, 0, 0, 0, 0, 0, 0, 0, 0, 0, 0, 0, 0, 0, 0, 0, 0, 0, 0, 0, 0, 0,
       0, 0, 0, 0, 0, 0, 0, 0, 0, 0, 0, 0, 0, 0, 0, 0, 0, 0, 0, 0, 0, 0,
       0, 0, 0, 0, 0, 0, 0, 0, 0, 0, 0, 0, 0, 0, 0, 0, 0, 0, 0, 0, 0, 0,
       0, 0, 0, 0, 0, 0, 0, 0, 0, 0, 0, 0, 0, 0, 0, 0, 0, 0, 0, 0, 0, 0,
       0, 0, 0, 0, 0, 0, 0, 0, 0, 0, 0, 0, 0, 0, 0, 0, 0, 0, 0, 0, 0, 0,
       0, 0, 0, 0, 0, 0, 0, 0, 0, 0, 0, 0, 0, 0, 0, 0, 0, 0, 0, 0, 0, 0,
       0, 0, 0, 0, 0, 0, 0, 0, 0, 0, 0, 0, 0, 0, 0, 0, 0, 0, 0, 0, 0, 0,
       0, 0, 0, 0, 0, 0, 0, 0, 0, 0, 0, 0, 0, 0, 0, 0, 0, 0, 0, 0, 0, 0,
       0, 0, 0, 0, 0, 0, 0, 0, 0, 0, 0, 0, 0, 0, 0, 0, 0, 0, 0, 0, 0, 0,
       0, 0, 0, 0, 0, 0, 0, 0, 0, 0, 0, 0, 0, 0, 0, 0, 0, 0, 0, 0, 0, 0,
       0, 0, 0, 0, 0, 0, 0, 0, 0, 0, 0, 0, 0, 0, 0, 0, 0, 0, 0, 0, 0, 0,
       0, 0, 0, 0, 0, 0, 0, 0, 0, 0, 0, 0, 0, 0, 0, 0, 0, 0, 0, 0, 0, 0,
       0, 0, 0, 0, 0, 0, 0, 0, 0, 0, 0, 0, 0, 0, 0, 0, 0, 0, 0, 0, 0, 0,
       0, 0, 0, 0, 0, 0, 0, 0, 0, 0, 0, 0, 0, 0, 0, 0, 0, 0, 0, 0, 0, 0,
       0, 0, 0, 0, 0, 0, 0, 0, 0, 0, 0, 0, 0, 0, 0, 0, 0, 0, 0, 0, 0, 0,
       0, 0, 0, 0, 0, 0, 0, 0, 0, 0, 0, 0, 0, 0, 0, 0, 0, 0, 0, 0, 0, 0,
       0, 0, 0, 0, 0, 0, 0, 0, 0, 0, 0, 0, 0, 0, 0, 0, 0, 0, 0, 0, 0, 0,
       0, 0, 0, 0, 0, 0, 0, 0, 0, 0, 0, 0, 0, 0, 0, 0, 0, 0, 0, 0, 0, 0,
       0, 0, 0, 0, 0, 0, 0, 0, 0, 0, 0, 0, 0, 0, 0, 0, 0, 0, 0, 0, 0, 0,
       0, 0, 0, 0, 0, 0, 0, 0, 0, 0, 0, 0, 0, 0, 0, 0, 0, 0, 0, 0, 0, 0,
       0, 0, 0, 0, 0, 0, 0, 0, 0, 0, 0, 0, 0, 0, 0, 0, 0, 0, 0, 0, 0, 0,
       0, 0, 0, 0, 0, 0, 0, 0, 0, 0, 0, 0, 0, 0, 0, 0, 0, 0, 0, 0, 0, 0,
       0, 0, 0, 0, 0, 0, 0, 0, 0, 0, 0, 0, 0, 0, 0, 0, 0, 0, 0, 0, 0, 0,
       0, 0, 0, 0, 0, 0, 0, 0, 0, 0, 0, 0, 0, 0, 0, 0, 0, 0, 0, 0, 0, 0,
       0, 0, 0, 0, 0, 0, 0, 0, 0, 0, 0, 0, 0, 0, 0, 0, 0, 0, 0, 0, 0, 0,
       0, 0, 0, 0, 0, 0, 0, 0, 0, 0, 0, 0, 0, 0, 0, 0, 0, 0, 0, 0, 0, 0,
       0, 0, 0, 0, 0, 0, 0, 0, 0, 0, 0, 0, 0, 0, 0, 0, 0, 0, 0, 0, 0, 0,
       0, 0, 0, 0, 0, 0, 0, 0, 0, 0, 0, 0, 0, 0, 0, 0, 0, 0, 0, 0, 0, 0,
       0, 0, 0, 0, 0, 0, 0, 0, 0, 0, 0, 0, 0, 0, 0, 0, 0, 0, 0, 0, 0, 0,
       0, 0, 0, 0, 0, 0, 0, 0, 0, 0, 0, 0, 0, 0, 0, 0, 0, 0, 0, 0, 0, 0,
       0, 0, 0, 0, 0, 0, 0, 0, 0, 0, 0, 0, 0, 0, 0, 0, 0, 0, 0, 0, 0, 0,
       0, 0, 0, 0, 0, 0, 0, 0, 0, 0, 0, 0, 0, 0, 0, 0, 0, 0, 0, 0, 0, 0,
       0, 0, 0, 0, 0, 0, 0, 0, 0, 0, 0, 0, 0, 0, 0, 0, 0, 0, 0, 0, 0, 0,
       0, 0, 0, 0, 0, 0, 0, 0, 0, 0, 0, 0, 0, 0, 0, 0, 0, 0, 0, 0, 0, 0,
       0, 0, 0, 0, 0, 0, 0, 0, 0, 0, 0, 0, 0, 0, 0, 0, 0, 0, 0, 0, 0, 0,
       0, 0, 0, 0, 0, 0, 0, 0, 0, 0, 0, 0, 0, 0, 0, 0, 0, 0, 0, 0, 0, 0,
       0, 0, 0, 0, 0, 0, 0, 0, 0, 0, 0, 0, 0, 0, 0, 0, 0, 0, 0, 0, 0, 0,
       0, 0, 0, 0, 0, 0, 0, 0, 0, 0, 0, 0, 0, 0, 0, 0, 0, 0, 0, 0, 0, 0,
       0, 0, 0, 0, 0, 0, 0, 0, 0, 0, 0, 0, 0, 0, 0, 0, 0, 0, 0, 0, 0, 0,
       0, 0, 0, 0, 0, 0, 0, 0, 0, 0, 0, 0, 0, 0, 0, 0, 0, 0, 0, 0, 0, 0,
       0, 0, 0, 0, 0, 0, 0, 0, 0, 0, 0, 0, 0, 0, 0, 0, 0, 0, 0, 0, 0, 0,
       0, 0, 0, 0, 0, 0, 0, 0, 0, 0, 0, 0, 0, 0, 0, 0, 0, 0, 0, 0, 0, 0,
       0, 0, 0, 0, 0, 0, 0, 0, 0, 0, 0, 0, 0, 0, 0, 0, 0, 0, 0, 0, 0, 0,
       0, 0, 0, 0, 0, 0, 0, 0, 0, 0, 0, 0, 0, 0, 0, 0, 0, 0, 0, 0, 0, 0,
       0, 0, 0, 0, 0, 0, 0, 0, 0, 0, 0, 0, 0, 0, 0, 0, 0, 0, 0, 0, 0, 0,
       0, 0, 0, 0, 0, 0, 0, 0, 0, 0, 0, 0, 0, 0, 0, 0, 0, 0, 0, 0, 0, 0,
       0, 0, 0, 0, 0, 0, 0, 0, 0, 0, 0, 0, 0, 0, 0, 0, 0, 0, 0, 0, 0, 0,
       0, 0, 0, 0, 0, 0, 0, 0, 0, 0, 0, 0, 0, 0, 0, 0, 0, 0, 0, 0, 0, 0,
       0, 0, 0, 0, 0, 0, 0, 0, 0, 0, 0, 0, 0, 0, 0, 0, 0, 0, 0, 0, 0, 0,
       0, 0, 0, 0, 0, 0, 0, 0, 0, 0, 0, 0, 0, 0, 0, 0, 0, 0, 0, 0, 0, 0,
       0, 0, 0, 0, 0, 0, 0, 0, 0, 0, 0, 0, 0, 0, 0, 0, 0, 0, 0, 0, 0, 0,
       0, 0, 0, 0, 0, 0, 0, 0, 0, 0, 0, 0, 0, 0, 0, 0, 0, 0, 0, 0, 0, 0,
       0, 0, 0, 0, 0, 0, 0, 0, 0, 0, 0, 0, 0, 0, 0, 0, 0, 0, 0, 0, 0, 0,
       0, 0, 0, 0, 0, 0, 0, 0, 0, 0, 0, 0, 0, 0, 0, 0, 0, 0, 0, 0, 0, 0,
       0, 0, 0, 0, 0, 0, 0, 0, 0, 0, 0, 0, 0, 0, 0, 0, 0, 0, 0, 0, 0, 0,
       0, 0, 0, 0, 0, 0, 0, 0, 0, 0, 0, 0, 0, 0, 0, 0, 0, 0, 0, 0, 0, 0,
       0, 0, 0, 0, 0, 0, 0, 0, 0, 0, 0, 0, 0, 0, 0, 0, 0, 0, 0, 0, 0, 0,
       0, 0, 0, 0, 0, 0, 0, 0, 0, 0, 0, 0, 0, 0, 0, 0, 0, 0, 0, 0, 0, 0,
       0, 0, 0, 0, 0, 0, 0, 0, 0, 0, 0, 0, 0, 0, 0, 0, 0, 0, 0, 0, 0, 0,
       0, 0, 0, 0, 0, 0, 0, 0, 0, 0, 0, 0, 0, 0, 0, 0, 0, 0, 0, 0, 0, 0,
       0, 0, 0, 0, 0, 0, 0, 0, 0, 0, 0, 0, 0, 0, 0, 0, 0, 0, 0, 0, 0, 0,
       0, 0, 0, 0, 0, 0, 0, 0, 0, 0, 0, 0, 0, 0, 0, 0, 0, 0, 0, 0, 0, 0,
       0, 0, 0, 0, 0, 0, 0, 0, 0, 0, 0, 0, 0, 0, 0, 0, 0, 0, 0, 0, 0, 0,
       0, 0, 0, 0, 0, 0, 0, 0, 0, 0, 0, 0, 0, 0, 0, 0, 0, 0, 0, 0, 0, 0,
       0, 0, 0, 0, 0, 0, 0, 0, 0, 0, 0, 0, 0, 0, 0, 0, 0, 0, 0, 0, 0, 0,
       0, 0, 0, 0, 0, 0, 0, 0, 0, 0, 0, 0, 0, 0, 0, 0, 0, 0, 0, 0, 0, 0,
       0, 0, 0, 0, 0, 0, 0, 0, 0, 0, 0, 0, 0, 0, 0, 0, 0, 0, 0, 0, 0, 0,
       0, 0, 0, 0, 0, 0, 0, 0, 0, 0, 0, 0, 0, 0, 0, 0, 0, 0, 0, 0, 0, 0,
       0, 0, 0, 0, 0, 0, 0, 0, 0, 0, 0, 0, 0, 0, 0, 0, 0, 0, 0, 0, 0, 0,
       0, 0, 0, 0, 0, 0, 0, 0, 0, 0, 0, 0, 0, 0, 0, 0, 0, 0, 0, 0, 0, 0,
       0, 0, 0, 0, 0, 0, 0, 0, 0, 0, 0, 0, 0, 0, 0, 0, 0, 0, 0, 0, 0, 0,
       0, 0, 0, 0, 0, 0, 0, 0, 0, 0, 0, 0, 0, 0, 0, 0, 0, 0, 0, 0, 0, 0,
       0, 0, 0, 0, 0, 0, 0, 0, 0, 0, 0, 0, 0, 0, 0, 0, 0, 0, 0, 0, 0, 0,
       0, 0, 0, 0, 0, 0, 0, 0, 0, 0, 0, 0, 0, 0, 0, 0, 0, 0, 0, 0, 0, 0,
       0, 0, 0, 0, 0, 0, 0, 0, 0, 0, 0, 0, 0, 0, 0, 0, 0, 0, 0, 0, 0, 0,
       0, 0, 0, 0, 0, 0, 0, 0, 0, 0, 0, 0, 0, 0, 0, 0, 0, 0, 0, 0, 0, 0,
       0, 0, 0, 0, 0, 0, 0, 0, 0, 0, 0, 0, 0, 0, 0, 0, 0, 0, 0, 0, 0, 0,
       0, 0, 0, 0, 0, 0, 0, 0, 0, 0, 0, 0, 0, 0, 0, 0, 0, 0, 0, 0, 0, 0,
       0, 0, 0, 0, 0, 0, 0, 0, 0, 0, 0, 0, 0, 0, 0, 0, 0, 0, 0, 0, 0, 0,
       0, 0, 0, 0, 0, 0, 0, 0, 0, 0, 0, 0, 0, 0, 0, 0, 0, 0, 0, 0, 0, 0,
       0, 0, 0, 0, 0, 0, 0, 0, 0, 0, 0, 0, 0, 0, 0, 0, 0, 0, 0, 0, 0, 0,
       0, 0, 0, 0, 0, 0, 0, 0, 0, 0, 0, 0, 0, 0, 0, 0, 0, 0, 0, 0, 0, 0,
       0, 0, 0, 0, 0, 0, 0, 0, 0, 0, 0, 0, 0, 0, 0, 0, 0, 0, 0, 0, 0, 0,
       0, 0, 0, 0, 0, 0, 0, 0, 0, 0, 0, 0, 0, 0, 0, 0, 0, 0, 0, 0, 0, 0,
       0, 0, 0, 0, 0, 0, 0, 0, 0, 0, 0, 0, 0, 0, 0, 0, 0, 0, 0, 0, 0, 0,
       0, 0, 0, 0, 0, 0, 0, 0, 0, 0, 0, 0, 0, 0, 0, 0, 0, 0, 0, 0, 0, 0,
       0, 0, 0, 0, 0, 0, 0, 0, 0, 0, 0, 0, 0, 0, 0, 0, 0, 0, 0, 0, 0, 0,
       0, 0, 0, 0, 0, 0, 0, 0, 0, 0, 0, 0, 0, 0, 0, 0, 0, 0, 0, 0, 0, 0,
       0, 0, 0, 0, 0, 0, 0, 0, 0, 0, 0, 0, 0, 0, 0, 0, 0, 0, 0, 0, 0, 0,
       0, 0, 0, 0, 0, 0, 0, 0, 0, 0, 0, 0, 0, 0, 0, 0, 0, 0, 0, 0, 0, 0,
       0, 0, 0, 0, 0, 0, 0, 0, 0, 0, 0, 0, 0, 0, 0, 0, 0, 0, 0, 0, 0, 0,
       0, 0, 0, 0, 0, 0, 0, 0, 0, 0, 0, 0, 0, 0, 0, 0, 0, 0, 0, 0, 0, 0,
       0, 0, 0, 0, 0, 0, 0, 0, 0, 0, 0, 0, 0, 0, 0, 0, 0, 0, 0, 0, 0, 0,
       0, 0, 0, 0, 0, 0, 0, 0, 0, 0, 0, 0, 0, 0, 0, 0, 0, 0, 0, 0, 0, 0,
       0, 0, 0, 0, 0, 0, 0, 0, 0, 0, 0, 0, 0, 0, 0, 0, 0, 0, 0, 0, 0, 0,
       0, 0, 0, 0, 0, 0, 0, 0, 0, 0, 0, 0, 0, 0, 0, 0, 0, 0, 0, 0, 0, 0,
       0, 0, 0, 0, 0, 0, 0, 0, 0, 0, 0, 0, 0, 0, 0, 0, 0, 0, 0, 0, 0, 0,
       0, 0, 0, 0, 0, 0, 0, 0, 0, 0, 0, 0, 0, 0, 0, 0, 0, 0, 0, 0, 0, 0,
       0, 0, 0, 0, 0, 0, 0, 0, 0, 0, 0, 0, 0, 0, 0, 0, 0, 0, 0, 0, 0, 0,
       0, 0, 0, 0, 0, 0, 0, 0, 0, 0, 0, 0, 0, 0, 0, 0, 0, 0, 0, 0, 0, 0,
       0, 0, 0, 0, 0, 0, 0, 0, 0, 0, 0, 0, 0, 0, 0, 0, 0, 0, 0, 0, 0, 0,
       0, 0, 0, 0, 0, 0, 0, 0, 0, 0, 0, 0, 0, 0, 0, 0, 0, 0, 0, 0, 0, 0,
       0, 0, 0, 0, 0, 0, 0, 0, 0, 0, 0, 0, 0, 0, 0, 0, 0, 0, 0, 0, 0, 0,
       0, 0, 0, 0, 0, 0, 0, 0, 0, 0, 0, 0, 0, 0, 0, 0, 0, 0, 0, 0, 0, 0,
       0, 0, 0, 0, 0, 0, 0, 0, 0, 0, 0, 0, 0, 0, 0, 0, 0, 0, 0, 0, 0, 0,
       0, 0, 0, 0, 0, 0, 0, 0, 0, 0, 0, 0, 0, 0, 0, 0, 0, 0, 0, 0, 0, 0,
       0, 0, 0, 0, 0, 0, 0, 0, 0, 0, 0, 0, 0, 0, 0, 0, 0, 0, 0, 0, 0, 0,
       0, 0, 0, 0, 0, 0, 0, 0, 0, 0, 0, 0, 0, 0, 0, 0, 0, 0, 0, 0, 0, 0,
       0, 0, 0, 0, 0, 0, 0, 0, 0, 0, 0, 0, 0, 0, 0, 0, 0, 0, 0, 0, 0, 0,
       0, 0, 0, 0, 0, 0, 0, 0, 0, 0, 0, 0, 0, 0, 0, 0, 0, 0, 0, 0, 0, 0,
       0, 0, 0, 0, 0, 0, 0, 0, 0, 0, 0, 0, 0, 0, 0, 0, 0, 0, 0, 0, 0, 0,
       0, 0, 0, 0, 0, 0, 0, 0, 0, 0, 0, 0, 0, 0, 0, 0, 0, 0, 0, 0, 0, 0,
       0, 0, 0, 0, 0, 0, 0, 0, 0, 0, 0, 0, 0, 0, 0, 0, 0, 0, 0, 0, 0, 0,
       0, 0, 0, 0, 0, 0, 0, 0, 0, 0, 0, 0, 0, 0, 0, 0, 0, 0, 0, 0, 0, 0,
       0, 0, 0, 0, 0, 0, 0, 0, 0, 0, 0, 0, 0, 0, 0, 0, 0, 0, 0, 0, 0, 0,
       0, 0, 0, 0, 0, 0, 0, 0, 0, 0, 0, 0, 0, 0, 0, 0, 0, 0, 0, 0, 0, 0,
       0, 0, 0, 0, 0, 0, 0, 0, 0, 0, 0, 0, 0, 0, 0, 0, 0, 0, 0, 0, 0, 0,
       0, 0, 0, 0, 0, 0, 0, 0, 0, 0, 0, 0, 0, 0, 0, 0, 0, 0, 0, 0, 0, 0,
       0, 0, 0, 0, 0, 0, 0, 0, 0, 0, 0, 0, 0, 0, 0, 0, 0, 0, 0, 0, 0, 0,
       0, 0, 0, 0, 0, 0, 0, 0, 0, 0, 0, 0, 0, 0, 0, 0, 0, 0, 0, 0, 0, 0,
       0, 0, 0, 0, 0, 0, 0, 0, 0, 0, 0, 0, 0, 0, 0, 0, 0, 0, 0, 0, 0, 0,
       0, 0, 0, 0, 0, 0, 0, 0, 0, 0, 0, 0, 0, 0, 0, 0, 0, 0, 0, 0, 0, 0,
       0, 0, 0, 0, 0, 0, 0, 0, 0, 0, 0, 0, 0, 0, 0, 0, 0, 0, 0, 0, 0, 0,
       0, 0, 0, 0, 0, 0, 0, 0, 0, 0, 0, 0, 0, 0, 0, 0, 0, 0, 0, 0, 0, 0,
       0, 0, 0, 0, 0, 0, 0, 0, 0, 0, 0, 0, 0, 0, 0, 0, 0, 0, 0, 0, 0, 0,
       0, 0, 0, 0, 0, 0, 0, 0, 0, 0, 0, 0, 0, 0, 0, 0, 0, 0, 0, 0, 0, 0,
       0, 0, 0, 0, 0, 0, 0, 0, 0, 0, 0, 0, 0, 0, 0, 0, 0, 0, 0, 0, 0, 0,
       0, 0, 0, 0, 0, 0, 0, 0, 0, 0, 0, 0, 0, 0, 0, 0, 0, 0, 0, 0, 0, 0,
       0, 0, 0, 0, 0, 0, 0, 0, 0, 0, 0, 0, 0, 0, 0, 0, 0, 0, 0, 0, 0, 0,
       0, 0, 0, 0, 0, 0, 0, 0, 0, 0, 0, 0, 0, 0, 0, 0, 0, 0, 0, 0, 0, 0,
       0, 0, 0, 0, 0, 0, 0, 0, 0, 0, 0, 0, 0, 0, 0, 0, 0, 0, 0, 0, 0, 0,
       0, 0, 0, 0, 0, 0, 0, 0, 0, 0, 0, 0, 0, 0, 0, 0, 0, 0, 0, 0, 0, 0,
       0, 0, 0, 0, 0, 0, 0, 0, 0, 0, 0, 0, 0, 0, 0, 0, 0, 0, 0, 0, 0, 0,
       0, 0, 0, 0, 0, 0, 0, 0, 0, 0, 0, 0, 0, 0, 0, 0, 0, 0, 0, 0, 0, 0,
       0, 0, 0, 0, 0, 0, 0, 0, 0, 0, 0, 0, 0, 0, 0, 0, 0, 0, 0, 0, 0, 0,
       0, 0, 0, 0, 0, 0, 0, 0, 0, 0, 0, 0, 0, 0, 0, 0, 0, 0, 0, 0, 0, 0,
       0, 0, 0, 0, 0, 0, 0, 0, 0, 0, 0, 0, 0, 0, 0, 0, 0, 0, 0, 0, 0, 0,
       0, 0, 0, 0, 0, 0, 0, 0, 0, 0, 0, 0, 0, 0, 0, 0, 0, 0, 0, 0, 0, 0,
       0, 0, 0, 0, 0, 0, 0, 0, 0, 0, 0, 0, 0, 0, 0, 0, 0, 0, 0, 0, 0, 0,
       0, 0, 0, 0, 0, 0, 0, 0, 0, 0, 0, 0, 0, 0, 0, 0, 0, 0, 0, 0, 0, 0,
       0, 0, 0, 0, 0, 0, 0, 0, 0, 0, 0, 0, 0, 0, 0, 0, 0, 0, 0, 0, 0, 0,
       0, 0, 0, 0, 0, 0, 0, 0, 0, 0, 0, 0, 0, 0, 0, 0, 0, 0, 0, 0, 0, 0,
       0, 0, 0, 0, 0, 0, 0, 0, 0, 0, 0, 0, 0, 0, 0, 0, 0, 0, 0, 0, 0, 0,
       0, 0, 0, 0, 0, 0, 0, 0, 0, 0, 0, 0, 0, 0, 0, 0, 0, 0, 0, 0, 0, 0,
       0, 0, 0, 0, 0, 0, 0, 0, 0, 0, 0, 0, 0, 0, 0, 0, 0, 0, 0, 0, 0, 0,
       0, 0, 0, 0, 0, 0, 0, 0, 0, 0, 0, 0, 0, 0, 0, 0, 0, 0, 0, 0, 0, 0,
       0, 0, 0, 0, 0, 0, 0, 0, 0, 0, 0, 0, 0, 0, 0, 0, 0, 0, 0, 0, 0, 0,
       0, 0, 0, 0, 0, 0, 0, 0, 0, 0, 0, 0, 0, 0, 0, 0, 0, 0, 0, 0, 0, 0,
       0, 0, 0, 0, 0, 0, 0, 0, 0, 0, 0, 0, 0, 0, 0, 0, 0, 0, 0, 0, 0, 0,
       0, 0, 0, 0, 0, 0, 0, 0, 0, 0, 0, 0, 0, 0, 0, 0, 0, 0, 0, 0, 0, 0,
       0, 0, 0, 0, 0, 0, 0, 0, 0, 0, 0, 0, 0, 0, 0, 0, 0, 0, 0, 0, 0, 0,
       0, 0, 0, 0, 0, 0, 0, 0, 0, 0, 0, 0, 0, 0, 0, 0, 0, 0, 0, 0, 0, 0,
       0, 0, 0, 0, 0, 0, 0, 0, 0, 0, 0, 0, 0, 0, 0, 0, 0, 0, 0, 0, 0, 0,
       0, 0, 0, 0, 0, 0, 0, 0, 0, 0, 0, 0, 0, 0, 0, 0, 0, 0, 0, 0, 0, 0,
       0, 0, 0, 0, 0, 0, 0, 0, 0, 0, 0, 0, 0, 0, 0, 0, 0, 0, 0, 0, 0, 0,
       0, 0, 0, 0, 0, 0, 0, 0, 0, 0, 0, 0, 0, 0, 0, 0, 0, 0, 0, 0, 0, 0,
       0, 0, 0, 0, 0, 0, 0, 0, 0, 0, 0, 0, 0, 0, 0, 0, 0, 0, 0, 0, 0, 0,
       0, 0, 0, 0, 0, 0, 0, 0, 0, 0, 0, 0, 0, 0, 0, 0, 0, 0, 0, 0, 0, 0,
       0, 0, 0, 0, 0, 0, 0, 0, 0, 0, 0, 0, 0, 0, 0, 0, 0, 0, 0, 0, 0, 0,
       0, 0, 0, 0, 0, 0, 0, 0, 0, 0, 0, 0, 0, 0, 0, 0, 0, 0, 0, 0, 0, 0,
       0, 0, 0, 0, 0, 0, 0, 0, 0, 0, 0, 0, 0, 0, 0, 0, 0, 0, 0, 0, 0, 0,
       0, 0, 0, 0, 0, 0, 0, 0, 0, 0, 0, 0, 0, 0, 0, 0, 0, 0, 0, 0, 0, 0,
       0, 0, 0, 0, 0, 0, 0, 0, 0, 0, 0, 0, 0, 0, 0, 0, 0, 0, 0, 0, 0, 0,
       0, 0, 0, 0, 0, 0, 0, 0, 0, 0, 0, 0, 0, 0, 0, 0, 0, 0, 0, 0, 0, 0,
       0, 0, 0, 0, 0, 0, 0, 0, 0, 0, 0, 0, 0, 0, 0, 0, 0, 0, 0, 0, 0, 0,
       0, 0, 0, 0, 0, 0, 0, 0, 0, 0, 0, 0, 0, 0, 0, 0, 0, 0, 0, 0, 0, 0,
       0, 0, 0, 0, 0, 0, 0, 0, 0, 0, 0, 0, 0, 0, 0, 0, 0, 0, 0, 0, 0, 0,
       0, 0, 0, 0, 0, 0, 0, 0, 0, 0, 0, 0, 0, 0, 0, 0, 0, 0, 0, 0, 0, 0,
       0, 0, 0, 0, 0, 0, 0, 0, 0, 0, 0, 0, 0, 0, 0, 0, 0, 0, 0, 0, 0, 0,
       0, 0, 0, 0, 0, 0, 0, 0, 0, 0, 0, 0, 0, 0, 0, 0, 0, 0, 0, 0, 0, 0,
       0, 0, 0, 0, 0, 0, 0, 0, 0, 0, 0, 0, 0, 0, 0, 0, 0, 0, 0, 0, 0, 0,
       0, 0, 0, 0, 0, 0, 0, 0, 0, 0, 0, 0, 0, 0, 0, 0, 0, 0, 0, 0, 0, 0,
       0, 0, 0, 0, 0, 0, 0, 0, 0, 0, 0, 0, 0, 0, 0, 0, 0, 0, 0, 0, 0, 0,
       0, 0, 0, 0, 0, 0, 0, 0, 0, 0, 0, 0, 0, 0, 0, 0, 0, 0, 0, 0, 0, 0,
       0, 0, 0, 0, 0, 0, 0, 0, 0, 0, 0, 0, 0, 0, 0, 0, 0, 0, 0, 0, 0, 0,
       0, 0, 0, 0, 0, 0, 0, 0, 0, 0, 0, 0, 0, 0, 0, 0, 0, 0, 0, 0, 0, 0,
       0, 0, 0, 0, 0, 0, 0, 0, 0, 0, 0, 0, 0, 0, 0, 0, 0, 0, 0, 0, 0, 0,
       0, 0, 0, 0, 0, 0, 0, 0, 0, 0, 0, 0, 0, 0, 0, 0, 0, 0, 0, 0, 0, 0,
       0, 0, 0, 0, 0, 0, 0, 0, 0, 0, 0, 0, 0, 0, 0, 0, 0, 0, 0, 0, 0, 0,
       0, 0, 0, 0, 0, 0, 0, 0, 0, 0, 0, 0, 0, 0, 0, 0, 0, 0, 0, 0, 0, 0,
       0, 0, 0, 0, 0, 0, 0, 0, 0, 0, 0, 0, 0, 0, 0, 0, 0, 0, 0, 0, 0, 0,
       0, 0, 0, 0, 0, 0, 0, 0, 0, 0, 0, 0, 0, 0, 0, 0, 0, 0, 0, 0, 0, 0,
       0, 0, 0, 0, 0, 0, 0, 0, 0, 0, 0, 0, 0, 0, 0, 0, 0, 0, 0, 0, 0, 0,
       0, 0, 0, 0, 0, 0, 0, 0, 0, 0, 0, 0, 0, 0, 0, 0, 0, 0, 0, 0, 0, 0,
       0, 0, 0, 0, 0, 0, 0, 0, 0, 0, 0, 0, 0, 0, 0, 0, 0, 0, 0, 0, 0, 0,
       0, 0, 0, 0, 0, 0, 0, 0, 0, 0, 0, 0, 0, 0, 0, 0, 0, 0, 0, 0, 0, 0,
       0, 0, 0, 0, 0, 0, 0, 0, 0, 0, 0, 0, 0, 0, 0, 0, 0, 0, 0, 0, 0, 0,
       0, 0, 0, 0, 0, 0, 0, 0, 0, 0, 0, 0, 0, 0, 0, 0, 0, 0, 0, 0, 0, 0,
       0, 0, 0, 0, 0, 0, 0, 0, 0, 0, 0, 0, 0, 0, 0, 0, 0, 0, 0, 0, 0, 0,
       0, 0, 0, 0, 0, 0, 0, 0, 0, 0, 0, 0, 0, 0, 0, 0, 0, 0, 0, 0, 0, 0,
       0, 0, 0, 0, 0, 0, 0, 0, 0, 0, 0, 0, 0, 0, 0, 0, 0, 0, 0, 0, 0, 0,
       0, 0, 0, 0, 0, 0, 0, 0, 0, 0, 0, 0, 0, 0, 0, 0, 0, 0, 0, 0, 0, 0,
       0, 0, 0, 0, 0, 0, 0, 0, 0, 0, 0, 0, 0, 0, 0, 0, 0, 0, 0, 0, 0, 0,
       0, 0, 0, 0, 0, 0, 0, 0, 0, 0, 0, 0, 0, 0, 0, 0, 0, 0, 0, 0, 0, 0,
       0, 0, 0, 0, 0, 0, 0, 0, 0, 0, 0, 0, 0, 0, 0, 0, 0, 0, 0, 0, 0, 0,
       0, 0, 0, 0, 0, 0, 0, 0, 0, 0, 0, 0, 0, 0, 0, 0, 0, 0, 0, 0, 0, 0,
       0, 0, 0, 0, 0, 0, 0, 0, 0, 0, 0, 0, 0, 0, 0, 0, 0, 0, 0, 0, 0, 0,
       0, 0, 0, 0, 0, 0, 0, 0, 0, 0, 0, 0, 0, 0, 0, 0, 0, 0, 0, 0, 0, 0,
       0, 0, 0, 0, 0, 0, 0, 0, 0, 0, 0, 0, 0, 0, 0, 0, 0, 0, 0, 0, 0, 0,
       0, 0, 0, 0, 0, 0, 0, 0, 0, 0, 0, 0, 0, 0, 0, 0, 0, 0, 0, 0, 0, 0,
       0, 0, 0, 0, 0, 0, 0, 0, 0, 0, 0, 0, 0, 0, 0, 0, 0, 0, 0, 0, 0, 0,
       0, 0, 0, 0, 0, 0, 0, 0, 0, 0, 0, 0, 0, 0, 0, 0, 0, 0, 0, 0, 0, 0,
       0, 0, 0, 0, 0, 0, 0, 0, 0, 0, 0, 0, 0, 0, 0, 0, 0, 0, 0, 0, 0, 0,
       0, 0, 0, 0, 0, 0, 0, 0, 0, 0, 0, 0, 0, 0, 0, 0, 0, 0, 0, 0, 0, 0,
       0, 0, 0, 0, 0, 0, 0, 0, 0, 0, 0, 0, 0, 0, 0, 0, 0, 0, 0, 0, 0, 0,
       0, 0, 0, 0, 0, 0, 0, 0, 0, 0, 0, 0, 0, 0, 0, 0, 0, 0, 0, 0, 0, 0,
       0, 0, 0, 0, 0, 0, 0, 0, 0, 0, 0, 0, 0, 0, 0, 0, 0, 0, 0, 0, 0, 0,
       0, 0, 0, 0, 0, 0, 0, 0, 0, 0, 0, 0, 0, 0, 0, 0, 0, 0, 0, 0, 0, 0,
       0, 0, 0, 0, 0, 0, 0, 0, 0, 0, 0, 0, 0, 0, 0, 0, 0, 0, 0, 0, 0, 0,
       0, 0, 0, 0, 0, 0, 0, 0, 0, 0, 0, 0, 0, 0, 0, 0, 0, 0, 0, 0, 0, 0,
       0, 0, 0, 0, 0, 0, 0, 0, 0, 0, 0, 0, 0, 0, 0, 0, 0, 0, 0, 0, 0, 0,
       0, 0, 0, 0, 0, 0, 0, 0, 0, 0, 0, 0, 0, 0, 0, 0, 0, 0, 0, 0, 0, 0,
       0, 0, 0, 0, 0, 0, 0, 0, 0, 0, 0, 0, 0, 0, 0, 0, 0, 0, 0, 0, 0, 0,
       0, 0, 0, 0, 0, 0, 0, 0, 0, 0, 0, 0, 0, 0, 0, 0, 0, 0, 0, 0, 0, 0,
       0, 0, 0, 0, 0, 0, 0, 0, 0, 0, 0, 0, 0, 0, 0, 0, 0, 0, 0, 0, 0, 0,
       0, 0, 0, 0, 0, 0, 0, 0, 0, 0, 0, 0, 0, 0, 0, 0, 0, 0, 0, 0, 0, 0,
       0, 0, 0, 0, 0, 0, 0, 0, 0, 0, 0, 0, 0, 0, 0, 0, 0, 0, 0, 0, 0, 0,
       0, 0, 0, 0, 0, 0, 0, 0, 0, 0, 0, 0, 0, 0, 0, 0, 0, 0, 0, 0, 0, 0,
       0, 0, 0, 0, 0, 0, 0, 0, 0, 0, 0, 0, 0, 0, 0, 0, 0, 0, 0, 0, 0, 0,
       0, 0, 0, 0, 0, 0, 0, 0, 0, 0, 0, 0, 0, 0, 0, 0, 0, 0, 0, 0, 0, 0,
       0, 0, 0, 0, 0, 0, 0, 0, 0, 0, 0, 0, 0, 0, 0, 0, 0, 0, 0, 0, 0, 0,
       0, 0, 0, 0, 0, 0, 0, 0, 0, 0, 0, 0, 0, 0, 0, 0, 0, 0, 0, 0, 0, 0,
       0, 0, 0, 0, 0, 0, 0, 0, 0, 0, 0, 0, 0, 0, 0, 0, 0, 0, 0, 0, 0, 0,
       0, 0, 0, 0, 0, 0, 0, 0, 0, 0, 0, 0, 0, 0, 0, 0, 0, 0, 0, 0, 0, 0,
       0, 0, 0, 0, 0, 0, 0, 0, 0, 0, 0, 0, 0, 0, 0, 0, 0, 0, 0, 0, 0, 0,
       0, 0, 0, 0, 0, 0, 0, 0, 0, 0, 0, 0, 0, 0, 0, 0, 0, 0, 0, 0, 0, 0,
       0, 0, 0, 0, 0, 0, 0, 0, 0, 0, 0, 0, 0, 0, 0, 0, 0, 0, 0, 0, 0, 0,
       0, 0, 0, 0, 0, 0, 0, 0, 0, 0, 0, 0, 0, 0, 0, 0, 0, 0, 0, 0, 0, 0,
       0, 0, 0, 0, 0, 0, 0, 0, 0, 0, 0, 0, 0, 0, 0, 0, 0, 0, 0, 0, 0, 0,
       0, 0, 0, 0, 0, 0, 0, 0, 0, 0, 0, 0, 0, 0, 0, 0, 0, 0, 0, 0, 0, 0,
       0, 0, 0, 0, 0, 0, 0, 0, 0, 0, 0, 0, 0, 0, 0, 0, 0, 0, 0, 0, 0, 0,
       0, 0, 0, 0, 0, 0, 0, 0, 0, 0, 0, 0, 0, 0, 0, 0, 0, 0, 0, 0, 0, 0,
       0, 0, 0, 0, 0, 0, 0, 0, 0, 0, 0, 0, 0, 0, 0, 0, 0, 0, 0, 0, 0, 0,
       0, 0, 0, 0, 0, 0, 0, 0, 0, 0, 0, 0, 0, 0, 0, 0, 0, 0, 0, 0, 0, 0,
       0, 0, 0, 0, 0, 0, 0, 0, 0, 0, 0, 0, 0, 0, 0, 0, 0, 0, 0, 0, 0, 0,
       0, 0, 0, 0, 0, 0, 0, 0, 0, 0, 0, 0, 0, 0, 0, 0, 0, 0, 0, 0, 0, 0,
       0, 0, 0, 0, 0, 0, 0, 0, 0, 0, 0, 0, 0, 0, 0, 0, 0, 0, 0, 0, 0, 0,
       0, 0, 0, 0, 0, 0, 0, 0, 0, 0, 0, 0, 0, 0, 0, 0, 0, 0, 0, 0, 0, 0,
       0, 0, 0, 0, 0, 0, 0, 0, 0, 0, 0, 0, 0, 0, 0, 0, 0, 0, 0, 0, 0, 0,
       0, 0, 0, 0, 0, 0, 0, 0, 0, 0, 0, 0, 0, 0, 0, 0, 0, 0, 0, 0, 0, 0,
       0, 0, 0, 0, 0, 0, 0, 0, 0, 0, 0, 0, 0, 0, 0, 0, 0, 0, 0, 0, 0, 0,
       0, 0, 0, 0, 0, 0, 0, 0, 0, 0, 0, 0, 0, 0, 0, 0, 0, 0, 0, 0, 0, 0,
       0, 0, 0, 0, 0, 0, 0, 0, 0, 0, 0, 0, 0, 0, 0, 0, 0, 0, 0, 0, 0, 0,
       0, 0, 0, 0, 0, 0, 0, 0, 0, 0, 0, 0, 0, 0, 0, 0, 0, 0, 0, 0, 0, 0,
       0, 0, 0, 0, 0, 0, 0, 0, 0, 0, 0, 0, 0, 0, 0, 0, 0, 0, 0, 0, 0, 0,
       0, 0, 0, 0, 0, 0, 0, 0, 0, 0, 0, 0, 0, 0, 0, 0, 0, 0, 0, 0, 0, 0,
       0, 0, 0, 0, 0, 0, 0, 0, 0, 0, 0, 0, 0, 0, 0, 0, 0, 0, 0, 0, 0, 0,
       0, 0, 0, 0, 0, 0, 0, 0, 0, 0, 0, 0, 0, 0, 0, 0, 0, 0, 0, 0, 0, 0,
       0, 0, 0, 0, 0, 0, 0, 0, 0, 0, 0, 0, 0, 0, 0, 0, 0, 0, 0, 0, 0, 0,
       0, 0, 0, 0, 0, 0, 0, 0, 0, 0, 0, 0, 0, 0, 0, 0, 0, 0, 0, 0, 0, 0,
       0, 0, 0, 0, 0, 0, 0, 0, 0, 0, 0, 0, 0, 0, 0, 0, 0, 0, 0, 0, 0, 0,
       0, 0, 0, 0, 0, 0, 0, 0, 0, 0, 0, 0, 0, 0, 0, 0, 0, 0, 0, 0, 0, 0,
       0, 0, 0, 0, 0, 0, 0 ]
   cat_count: !!opencv-matrix
      rows: 1
      cols: 1
      dt: i
      data: [ 2 ]
   cat_map: !!opencv-matrix
      rows: 1
      cols: 2
      dt: i
      data: [ -1, 4 ]
   trees:
      -
         best_tree_idx: -1
         nodes:
            -
               depth: 0
               sample_count: 60000
               value: -1.1134162481673615e+00
               norm_class_idx: 0
               Tn: 0
               complexity: 0
               alpha: 0.
               node_risk: 0.
               tree_risk: 0.
               tree_error: 0.
               splits:
                  - { var:6507, quality:8.7025707960128784e-01,
                      le:3.1305378675460815e-01 }
            -
               depth: 1
               sample_count: 54863
               value: -1.4623592249985262e+00
               norm_class_idx: 0
               Tn: 0
               complexity: 0
               alpha: 0.
               node_risk: 0.
               tree_risk: 0.
               tree_error: 0.
            -
               depth: 1
               sample_count: 5137
               value: 1.8849671701340420e-01
               norm_class_idx: 1
               Tn: 0
               complexity: 0
               alpha: 0.
               node_risk: 0.
               tree_risk: 0.
               tree_error: 0.
      -
         best_tree_idx: -1
         nodes:
            -
               depth: 0
               sample_count: 60000
               value: 4.7539749914426605e-13
               norm_class_idx: 1
               Tn: 0
               complexity: 0
               alpha: 0.
               node_risk: 0.
               tree_risk: 0.
               tree_error: 0.
               splits:
                  - { var:3334, quality:6.9557511806488037e-01,
                      le:2.0422363281250000e-01 }
            -
               depth: 1
               sample_count: 24703
               value: 4.8046722758573845e-01
               norm_class_idx: 1
               Tn: 0
               complexity: 0
               alpha: 0.
               node_risk: 0.
               tree_risk: 0.
               tree_error: 0.
            -
               depth: 1
               sample_count: 35297
               value: -1.3574718863625659e+00
               norm_class_idx: 0
               Tn: 0
               complexity: 0
               alpha: 0.
               node_risk: 0.
               tree_risk: 0.
               tree_error: 0.
      -
         best_tree_idx: -1
         nodes:
            -
               depth: 0
               sample_count: 60000
               value: -2.6356694604608163e-13
               norm_class_idx: 0
               Tn: 0
               complexity: 0
               alpha: 0.
               node_risk: 0.
               tree_risk: 0.
               tree_error: 0.
               splits:
                  - { var:994, quality:7.1499210596084595e-01,
                      le:2.4850028753280640e-01 }
            -
               depth: 1
               sample_count: 33368
               value: -9.6653063088538704e-01
               norm_class_idx: 0
               Tn: 0
               complexity: 0
               alpha: 0.
               node_risk: 0.
               tree_risk: 0.
               tree_error: 0.
            -
               depth: 1
               sample_count: 26632
               value: 6.5567708934565261e-01
               norm_class_idx: 1
               Tn: 0
               complexity: 0
               alpha: 0.
               node_risk: 0.
               tree_risk: 0.
               tree_error: 0.
      -
         best_tree_idx: -1
         nodes:
            -
               depth: 0
               sample_count: 43383
               value: 2.3293214020424099e-02
               norm_class_idx: 1
               Tn: 0
               complexity: 0
               alpha: 0.
               node_risk: 0.
               tree_risk: 0.
               tree_error: 0.
               splits:
                  - { var:4297, quality:6.2212133407592773e-01,
                      le:2.4539344012737274e-01 }
            -
               depth: 1
               sample_count: 22707
               value: 3.8040668519356136e-01
               norm_class_idx: 1
               Tn: 0
               complexity: 0
               alpha: 0.
               node_risk: 0.
               tree_risk: 0.
               tree_error: 0.
            -
               depth: 1
               sample_count: 20676
               value: -1.0434397162495095e+00
               norm_class_idx: 0
               Tn: 0
               complexity: 0
               alpha: 0.
               node_risk: 0.
               tree_risk: 0.
               tree_error: 0.
      -
         best_tree_idx: -1
         nodes:
            -
               depth: 0
               sample_count: 43383
               value: -1.6608936448395101e-13
               norm_class_idx: 0
               Tn: 0
               complexity: 0
               alpha: 0.
               node_risk: 0.
               tree_risk: 0.
               tree_error: 0.
               splits:
                  - { var:6508, quality:5.8602768182754517e-01,
                      le:2.8115683794021606e-01 }
            -
               depth: 1
               sample_count: 35594
               value: -3.6679569801750400e-01
               norm_class_idx: 0
               Tn: 0
               complexity: 0
               alpha: 0.
               node_risk: 0.
               tree_risk: 0.
               tree_error: 0.
            -
               depth: 1
               sample_count: 7789
               value: 6.4198455449822789e-01
               norm_class_idx: 1
               Tn: 0
               complexity: 0
               alpha: 0.
               node_risk: 0.
               tree_risk: 0.
               tree_error: 0.
      -
         best_tree_idx: -1
         nodes:
            -
               depth: 0
               sample_count: 35636
               value: 1.3728710083112767e-02
               norm_class_idx: 1
               Tn: 0
               complexity: 0
               alpha: 0.
               node_risk: 0.
               tree_risk: 0.
               tree_error: 0.
               splits:
                  - { var:4639, quality:6.0209131240844727e-01,
                      le:2.6068147271871567e-02 }
            -
               depth: 1
               sample_count: 10671
               value: -1.4055518227796233e+00
               norm_class_idx: 0
               Tn: 0
               complexity: 0
               alpha: 0.
               node_risk: 0.
               tree_risk: 0.
               tree_error: 0.
            -
               depth: 1
               sample_count: 24965
               value: 2.9872413790662283e-01
               norm_class_idx: 1
               Tn: 0
               complexity: 0
               alpha: 0.
               node_risk: 0.
               tree_risk: 0.
               tree_error: 0.
      -
         best_tree_idx: -1
         nodes:
            -
               depth: 0
               sample_count: 36934
               value: -1.3324380344798501e-02
               norm_class_idx: 0
               Tn: 0
               complexity: 0
               alpha: 0.
               node_risk: 0.
               tree_risk: 0.
               tree_error: 0.
               splits:
                  - { var:3267, quality:5.8322894573211670e-01,
                      le:2.1688640117645264e-01 }
            -
               depth: 1
               sample_count: 21359
               value: -6.7561958198731964e-01
               norm_class_idx: 0
               Tn: 0
               complexity: 0
               alpha: 0.
               node_risk: 0.
               tree_risk: 0.
               tree_error: 0.
            -
               depth: 1
               sample_count: 15575
               value: 3.6728538454126436e-01
               norm_class_idx: 1
               Tn: 0
               complexity: 0
               alpha: 0.
               node_risk: 0.
               tree_risk: 0.
               tree_error: 0.
      -
         best_tree_idx: -1
         nodes:
            -
               depth: 0
               sample_count: 28746
               value: 9.2468079227375679e-03
               norm_class_idx: 1
               Tn: 0
               complexity: 0
               alpha: 0.
               node_risk: 0.
               tree_risk: 0.
               tree_error: 0.
               splits:
                  - { var:1198, quality:5.4574418067932129e-01,
                      le:1.6738066077232361e-01 }
            -
               depth: 1
               sample_count: 16438
               value: -4.0281109294229500e-01
               norm_class_idx: 0
               Tn: 0
               complexity: 0
               alpha: 0.
               node_risk: 0.
               tree_risk: 0.
               tree_error: 0.
            -
               depth: 1
               sample_count: 12308
               value: 4.0255172639680004e-01
               norm_class_idx: 1
               Tn: 0
               complexity: 0
               alpha: 0.
               node_risk: 0.
               tree_risk: 0.
               tree_error: 0.
      -
         best_tree_idx: -1
         nodes:
            -
               depth: 0
               sample_count: 30524
               value: -2.0198240005300475e-02
               norm_class_idx: 0
               Tn: 0
               complexity: 0
               alpha: 0.
               node_risk: 0.
               tree_risk: 0.
               tree_error: 0.
               splits:
                  - { var:2177, quality:5.4627275466918945e-01,
                      le:2.2963525354862213e-01 }
            -
               depth: 1
               sample_count: 26294
               value: -2.2616667154103737e-01
               norm_class_idx: 0
               Tn: 0
               complexity: 0
               alpha: 0.
               node_risk: 0.
               tree_risk: 0.
               tree_error: 0.
            -
               depth: 1
               sample_count: 4230
               value: 8.1281597126215166e-01
               norm_class_idx: 1
               Tn: 0
               complexity: 0
               alpha: 0.
               node_risk: 0.
               tree_risk: 0.
               tree_error: 0.
      -
         best_tree_idx: -1
         nodes:
            -
               depth: 0
               sample_count: 29930
               value: 8.4207146479290430e-03
               norm_class_idx: 1
               Tn: 0
               complexity: 0
               alpha: 0.
               node_risk: 0.
               tree_risk: 0.
               tree_error: 0.
               splits:
                  - { var:4879, quality:5.3148645162582397e-01,
                      le:1.9597912207245827e-02 }
            -
               depth: 1
               sample_count: 11476
               value: -5.4507673497897791e-01
               norm_class_idx: 0
               Tn: 0
               complexity: 0
               alpha: 0.
               node_risk: 0.
               tree_risk: 0.
               tree_error: 0.
            -
               depth: 1
               sample_count: 18454
               value: 2.2852315524966435e-01
               norm_class_idx: 1
               Tn: 0
               complexity: 0
               alpha: 0.
               node_risk: 0.
               tree_risk: 0.
               tree_error: 0.
      -
         best_tree_idx: -1
         nodes:
            -
               depth: 0
               sample_count: 27267
               value: -6.3716789449647371e-03
               norm_class_idx: 0
               Tn: 0
               complexity: 0
               alpha: 0.
               node_risk: 0.
               tree_risk: 0.
               tree_error: 0.
               splits:
                  - { var:1986, quality:5.2907204627990723e-01,
                      le:1.2458044104278088e-02 }
            -
               depth: 1
               sample_count: 10562
               value: -8.3207525894626266e-01
               norm_class_idx: 0
               Tn: 0
               complexity: 0
               alpha: 0.
               node_risk: 0.
               tree_risk: 0.
               tree_error: 0.
            -
               depth: 1
               sample_count: 16705
               value: 1.5689317375000914e-01
               norm_class_idx: 1
               Tn: 0
               complexity: 0
               alpha: 0.
               node_risk: 0.
               tree_risk: 0.
               tree_error: 0.
      -
         best_tree_idx: -1
         nodes:
            -
               depth: 0
               sample_count: 24429
               value: 2.9210728138349970e-03
               norm_class_idx: 1
               Tn: 0
               complexity: 0
               alpha: 0.
               node_risk: 0.
               tree_risk: 0.
               tree_error: 0.
               splits:
                  - { var:6437, quality:5.2990275621414185e-01,
                      le:1.9420328736305237e-01 }
            -
               depth: 1
               sample_count: 16196
               value: 1.5580004539709694e-01
               norm_class_idx: 1
               Tn: 0
               complexity: 0
               alpha: 0.
               node_risk: 0.
               tree_risk: 0.
               tree_error: 0.
            -
               depth: 1
               sample_count: 8233
               value: -9.3587529825837967e-01
               norm_class_idx: 0
               Tn: 0
               complexity: 0
               alpha: 0.
               node_risk: 0.
               tree_risk: 0.
               tree_error: 0.
      -
         best_tree_idx: -1
         nodes:
            -
               depth: 0
               sample_count: 20531
               value: 1.0061676533726027e-02
               norm_class_idx: 1
               Tn: 0
               complexity: 0
               alpha: 0.
               node_risk: 0.
               tree_risk: 0.
               tree_error: 0.
               splits:
                  - { var:6429, quality:5.3321295976638794e-01,
                      le:1.9371934235095978e-02 }
            -
               depth: 1
               sample_count: 11198
               value: -4.0265403933327293e-01
               norm_class_idx: 0
               Tn: 0
               complexity: 0
               alpha: 0.
               node_risk: 0.
               tree_risk: 0.
               tree_error: 0.
            -
               depth: 1
               sample_count: 9333
               value: 3.3256477917715871e-01
               norm_class_idx: 1
               Tn: 0
               complexity: 0
               alpha: 0.
               node_risk: 0.
               tree_risk: 0.
               tree_error: 0.
      -
         best_tree_idx: -1
         nodes:
            -
               depth: 0
               sample_count: 20991
               value: 2.6013700448947468e-03
               norm_class_idx: 1
               Tn: 0
               complexity: 0
               alpha: 0.
               node_risk: 0.
               tree_risk: 0.
               tree_error: 0.
               splits:
                  - { var:5373, quality:5.1453059911727905e-01,
                      le:1.0311730206012726e-02 }
            -
               depth: 1
               sample_count: 3922
               value: -9.7800629215527446e-01
               norm_class_idx: 0
               Tn: 0
               complexity: 0
               alpha: 0.
               node_risk: 0.
               tree_risk: 0.
               tree_error: 0.
            -
               depth: 1
               sample_count: 17069
               value: 1.1275247143092165e-01
               norm_class_idx: 1
               Tn: 0
               complexity: 0
               alpha: 0.
               node_risk: 0.
               tree_risk: 0.
               tree_error: 0.
      -
         best_tree_idx: -1
         nodes:
            -
               depth: 0
               sample_count: 19480
               value: 3.4483394307122102e-03
               norm_class_idx: 1
               Tn: 0
               complexity: 0
               alpha: 0.
               node_risk: 0.
               tree_risk: 0.
               tree_error: 0.
               splits:
                  - { var:6507, quality:5.1897293329238892e-01,
                      le:3.1298276782035828e-01 }
            -
               depth: 1
               sample_count: 16368
               value: 1.5551040081100787e-01
               norm_class_idx: 1
               Tn: 0
               complexity: 0
               alpha: 0.
               node_risk: 0.
               tree_risk: 0.
               tree_error: 0.
            -
               depth: 1
               sample_count: 3112
               value: -6.9463908583773348e-01
               norm_class_idx: 0
               Tn: 0
               complexity: 0
               alpha: 0.
               node_risk: 0.
               tree_risk: 0.
               tree_error: 0.
      -
         best_tree_idx: -1
         nodes:
            -
               depth: 0
               sample_count: 21399
               value: -3.2787745931841896e-03
               norm_class_idx: 0
               Tn: 0
               complexity: 0
               alpha: 0.
               node_risk: 0.
               tree_risk: 0.
               tree_error: 0.
               splits:
                  - { var:2735, quality:5.2227866649627686e-01,
                      le:2.8052401542663574e-01 }
            -
               depth: 1
               sample_count: 17207
               value: -1.7924852365426391e-01
               norm_class_idx: 0
               Tn: 0
               complexity: 0
               alpha: 0.
               node_risk: 0.
               tree_risk: 0.
               tree_error: 0.
            -
               depth: 1
               sample_count: 4192
               value: 6.4104809317032230e-01
               norm_class_idx: 1
               Tn: 0
               complexity: 0
               alpha: 0.
               node_risk: 0.
               tree_risk: 0.
               tree_error: 0.
      -
         best_tree_idx: -1
         nodes:
            -
               depth: 0
               sample_count: 21612
               value: -6.8335079519265297e-03
               norm_class_idx: 0
               Tn: 0
               complexity: 0
               alpha: 0.
               node_risk: 0.
               tree_risk: 0.
               tree_error: 0.
               splits:
                  - { var:7049, quality:5.2152830362319946e-01,
                      le:3.2179057598114014e-01 }
            -
               depth: 1
               sample_count: 19946
               value: -1.4199839121831412e-01
               norm_class_idx: 0
               Tn: 0
               complexity: 0
               alpha: 0.
               node_risk: 0.
               tree_risk: 0.
               tree_error: 0.
            -
               depth: 1
               sample_count: 1666
               value: 9.1311882896841978e-01
               norm_class_idx: 1
               Tn: 0
               complexity: 0
               alpha: 0.
               node_risk: 0.
               tree_risk: 0.
               tree_error: 0.
      -
         best_tree_idx: -1
         nodes:
            -
               depth: 0
               sample_count: 21498
               value: -4.8511317885297726e-04
               norm_class_idx: 0
               Tn: 0
               complexity: 0
               alpha: 0.
               node_risk: 0.
               tree_risk: 0.
               tree_error: 0.
               splits:
                  - { var:7938, quality:5.1793265342712402e-01,
                      le:7.1314252912998199e-02 }
            -
               depth: 1
               sample_count: 9003
               value: -5.0076113744389195e-01
               norm_class_idx: 0
               Tn: 0
               complexity: 0
               alpha: 0.
               node_risk: 0.
               tree_risk: 0.
               tree_error: 0.
            -
               depth: 1
               sample_count: 12495
               value: 1.9249119441709531e-01
               norm_class_idx: 1
               Tn: 0
               complexity: 0
               alpha: 0.
               node_risk: 0.
               tree_risk: 0.
               tree_error: 0.
      -
         best_tree_idx: -1
         nodes:
            -
               depth: 0
               sample_count: 19959
               value: 7.1047762311721250e-04
               norm_class_idx: 1
               Tn: 0
               complexity: 0
               alpha: 0.
               node_risk: 0.
               tree_risk: 0.
               tree_error: 0.
               splits:
                  - { var:4863, quality:5.0808864831924438e-01,
                      le:1.3921761512756348e-01 }
            -
               depth: 1
               sample_count: 14578
               value: 1.2653927917114305e-01
               norm_class_idx: 1
               Tn: 0
               complexity: 0
               alpha: 0.
               node_risk: 0.
               tree_risk: 0.
               tree_error: 0.
            -
               depth: 1
               sample_count: 5381
               value: -6.2639174937383280e-01
               norm_class_idx: 0
               Tn: 0
               complexity: 0
               alpha: 0.
               node_risk: 0.
               tree_risk: 0.
               tree_error: 0.
      -
         best_tree_idx: -1
         nodes:
            -
               depth: 0
               sample_count: 19431
               value: -1.1190360114165683e-03
               norm_class_idx: 0
               Tn: 0
               complexity: 0
               alpha: 0.
               node_risk: 0.
               tree_risk: 0.
               tree_error: 0.
               splits:
                  - { var:623, quality:5.1756483316421509e-01,
                      le:3.3661863207817078e-01 }
            -
               depth: 1
               sample_count: 17524
               value: -1.4677287767022384e-01
               norm_class_idx: 0
               Tn: 0
               complexity: 0
               alpha: 0.
               node_risk: 0.
               tree_risk: 0.
               tree_error: 0.
            -
               depth: 1
               sample_count: 1907
               value: 7.0942851229222703e-01
               norm_class_idx: 1
               Tn: 0
               complexity: 0
               alpha: 0.
               node_risk: 0.
               tree_risk: 0.
               tree_error: 0.
      -
         best_tree_idx: -1
         nodes:
            -
               depth: 0
               sample_count: 18662
               value: 2.7442416468776076e-03
               norm_class_idx: 1
               Tn: 0
               complexity: 0
               alpha: 0.
               node_risk: 0.
               tree_risk: 0.
               tree_error: 0.
               splits:
                  - { var:525, quality:5.1049363613128662e-01,
                      le:5.1264865323901176e-03 }
            -
               depth: 1
               sample_count: 3568
               value: 5.3561708572191014e-01
               norm_class_idx: 1
               Tn: 0
               complexity: 0
               alpha: 0.
               node_risk: 0.
               tree_risk: 0.
               tree_error: 0.
            -
               depth: 1
               sample_count: 15094
               value: -1.5183278614222698e-01
               norm_class_idx: 0
               Tn: 0
               complexity: 0
               alpha: 0.
               node_risk: 0.
               tree_risk: 0.
               tree_error: 0.
      -
         best_tree_idx: -1
         nodes:
            -
               depth: 0
               sample_count: 19650
               value: -1.2311658459436230e-02
               norm_class_idx: 0
               Tn: 0
               complexity: 0
               alpha: 0.
               node_risk: 0.
               tree_risk: 0.
               tree_error: 0.
               splits:
                  - { var:4263, quality:5.0460499525070190e-01,
                      le:1.9676031172275543e-01 }
            -
               depth: 1
               sample_count: 17153
               value: 6.2053097005227285e-02
               norm_class_idx: 1
               Tn: 0
               complexity: 0
               alpha: 0.
               node_risk: 0.
               tree_risk: 0.
               tree_error: 0.
            -
               depth: 1
               sample_count: 2497
               value: -1.2114781931559633e+00
               norm_class_idx: 0
               Tn: 0
               complexity: 0
               alpha: 0.
               node_risk: 0.
               tree_risk: 0.
               tree_error: 0.
      -
         best_tree_idx: -1
         nodes:
            -
               depth: 0
               sample_count: 18084
               value: 4.6172616325303390e-03
               norm_class_idx: 1
               Tn: 0
               complexity: 0
               alpha: 0.
               node_risk: 0.
               tree_risk: 0.
               tree_error: 0.
               splits:
                  - { var:2709, quality:5.0782060623168945e-01,
                      le:2.6150149106979370e-01 }
            -
               depth: 1
               sample_count: 12207
               value: -1.7707577858562976e-01
               norm_class_idx: 0
               Tn: 0
               complexity: 0
               alpha: 0.
               node_risk: 0.
               tree_risk: 0.
               tree_error: 0.
            -
               depth: 1
               sample_count: 5877
               value: 4.1000355439415559e-01
               norm_class_idx: 1
               Tn: 0
               complexity: 0
               alpha: 0.
               node_risk: 0.
               tree_risk: 0.
               tree_error: 0.
      -
         best_tree_idx: -1
         nodes:
            -
               depth: 0
               sample_count: 17820
               value: -2.2496493160480092e-03
               norm_class_idx: 0
               Tn: 0
               complexity: 0
               alpha: 0.
               node_risk: 0.
               tree_risk: 0.
               tree_error: 0.
               splits:
                  - { var:1225, quality:5.0618594884872437e-01,
                      le:1.5199671033769846e-03 }
            -
               depth: 1
               sample_count: 3970
               value: -1.1681909154916927e+00
               norm_class_idx: 0
               Tn: 0
               complexity: 0
               alpha: 0.
               node_risk: 0.
               tree_risk: 0.
               tree_error: 0.
            -
               depth: 1
               sample_count: 13850
               value: 7.7784167465438120e-02
               norm_class_idx: 1
               Tn: 0
               complexity: 0
               alpha: 0.
               node_risk: 0.
               tree_risk: 0.
               tree_error: 0.
      -
         best_tree_idx: -1
         nodes:
            -
               depth: 0
               sample_count: 16103
               value: 7.0717308715386286e-04
               norm_class_idx: 1
               Tn: 0
               complexity: 0
               alpha: 0.
               node_risk: 0.
               tree_risk: 0.
               tree_error: 0.
               splits:
                  - { var:5414, quality:5.0723588466644287e-01,
                      le:1.2965324521064758e-01 }
            -
               depth: 1
               sample_count: 12398
               value: 1.1738426391336428e-01
               norm_class_idx: 1
               Tn: 0
               complexity: 0
               alpha: 0.
               node_risk: 0.
               tree_risk: 0.
               tree_error: 0.
            -
               depth: 1
               sample_count: 3705
               value: -6.6795354277834729e-01
               norm_class_idx: 0
               Tn: 0
               complexity: 0
               alpha: 0.
               node_risk: 0.
               tree_risk: 0.
               tree_error: 0.
      -
         best_tree_idx: -1
         nodes:
            -
               depth: 0
               sample_count: 15738
               value: -1.9653581586168848e-03
               norm_class_idx: 0
               Tn: 0
               complexity: 0
               alpha: 0.
               node_risk: 0.
               tree_risk: 0.
               tree_error: 0.
               splits:
                  - { var:1012, quality:5.0000363588333130e-01,
                      le:3.4093856811523438e-01 }
            -
               depth: 1
               sample_count: 14632
               value: -8.1818134195614067e-02
               norm_class_idx: 0
               Tn: 0
               complexity: 0
               alpha: 0.
               node_risk: 0.
               tree_risk: 0.
               tree_error: 0.
            -
               depth: 1
               sample_count: 1106
               value: 7.9018870707184230e-01
               norm_class_idx: 1
               Tn: 0
               complexity: 0
               alpha: 0.
               node_risk: 0.
               tree_risk: 0.
               tree_error: 0.
      -
         best_tree_idx: -1
         nodes:
            -
               depth: 0
               sample_count: 15384
               value: 9.8394539439523301e-04
               norm_class_idx: 1
               Tn: 0
               complexity: 0
               alpha: 0.
               node_risk: 0.
               tree_risk: 0.
               tree_error: 0.
               splits:
                  - { var:6535, quality:5.0252717733383179e-01,
                      le:2.2754420340061188e-01 }
            -
               depth: 1
               sample_count: 13116
               value: -1.0080728993529615e-01
               norm_class_idx: 0
               Tn: 0
               complexity: 0
               alpha: 0.
               node_risk: 0.
               tree_risk: 0.
               tree_error: 0.
            -
               depth: 1
               sample_count: 2268
               value: 6.5081470393562479e-01
               norm_class_idx: 1
               Tn: 0
               complexity: 0
               alpha: 0.
               node_risk: 0.
               tree_risk: 0.
               tree_error: 0.
      -
         best_tree_idx: -1
         nodes:
            -
               depth: 0
               sample_count: 15217
               value: -2.0399398972772427e-03
               norm_class_idx: 0
               Tn: 0
               complexity: 0
               alpha: 0.
               node_risk: 0.
               tree_risk: 0.
               tree_error: 0.
               splits:
                  - { var:4722, quality:5.0840783119201660e-01,
                      le:7.8918389976024628e-02 }
            -
               depth: 1
               sample_count: 9419
               value: -2.4922477627209330e-01
               norm_class_idx: 0
               Tn: 0
               complexity: 0
               alpha: 0.
               node_risk: 0.
               tree_risk: 0.
               tree_error: 0.
            -
               depth: 1
               sample_count: 5798
               value: 2.9613107951323275e-01
               norm_class_idx: 1
               Tn: 0
               complexity: 0
               alpha: 0.
               node_risk: 0.
               tree_risk: 0.
               tree_error: 0.
      -
         best_tree_idx: -1
         nodes:
            -
               depth: 0
               sample_count: 14795
               value: 1.2140615349203567e-03
               norm_class_idx: 1
               Tn: 0
               complexity: 0
               alpha: 0.
               node_risk: 0.
               tree_risk: 0.
               tree_error: 0.
               splits:
                  - { var:5435, quality:4.9727791547775269e-01,
                      le:2.2249702364206314e-02 }
            -
               depth: 1
               sample_count: 1478
               value: -1.3124332301804751e+00
               norm_class_idx: 0
               Tn: 0
               complexity: 0
               alpha: 0.
               node_risk: 0.
               tree_risk: 0.
               tree_error: 0.
            -
               depth: 1
               sample_count: 13317
               value: 5.5335164506886886e-02
               norm_class_idx: 1
               Tn: 0
               complexity: 0
               alpha: 0.
               node_risk: 0.
               tree_risk: 0.
               tree_error: 0.
      -
         best_tree_idx: -1
         nodes:
            -
               depth: 0
               sample_count: 14120
               value: 2.4093081810639219e-04
               norm_class_idx: 1
               Tn: 0
               complexity: 0
               alpha: 0.
               node_risk: 0.
               tree_risk: 0.
               tree_error: 0.
               splits:
                  - { var:6018, quality:5.0039070844650269e-01,
                      le:2.3718751966953278e-01 }
            -
               depth: 1
               sample_count: 11790
               value: 6.9839535264554470e-02
               norm_class_idx: 1
               Tn: 0
               complexity: 0
               alpha: 0.
               node_risk: 0.
               tree_risk: 0.
               tree_error: 0.
            -
               depth: 1
               sample_count: 2330
               value: -1.0180327300069452e+00
               norm_class_idx: 0
               Tn: 0
               complexity: 0
               alpha: 0.
               node_risk: 0.
               tree_risk: 0.
               tree_error: 0.
      -
         best_tree_idx: -1
         nodes:
            -
               depth: 0
               sample_count: 13420
               value: 4.6121323224304167e-04
               norm_class_idx: 1
               Tn: 0
               complexity: 0
               alpha: 0.
               node_risk: 0.
               tree_risk: 0.
               tree_error: 0.
               splits:
                  - { var:5863, quality:4.9877318739891052e-01,
                      le:7.0392349734902382e-03 }
            -
               depth: 1
               sample_count: 4861
               value: -3.6439863289842256e-01
               norm_class_idx: 0
               Tn: 0
               complexity: 0
               alpha: 0.
               node_risk: 0.
               tree_risk: 0.
               tree_error: 0.
            -
               depth: 1
               sample_count: 8559
               value: 1.4465092492414325e-01
               norm_class_idx: 1
               Tn: 0
               complexity: 0
               alpha: 0.
               node_risk: 0.
               tree_risk: 0.
               tree_error: 0.
      -
         best_tree_idx: -1
         nodes:
            -
               depth: 0
               sample_count: 13394
               value: -9.2996499112978266e-04
               norm_class_idx: 0
               Tn: 0
               complexity: 0
               alpha: 0.
               node_risk: 0.
               tree_risk: 0.
               tree_error: 0.
               splits:
                  - { var:7500, quality:4.9939873814582825e-01,
                      le:1.4548860490322113e-01 }
            -
               depth: 1
               sample_count: 10211
               value: 1.0043958800147587e-01
               norm_class_idx: 1
               Tn: 0
               complexity: 0
               alpha: 0.
               node_risk: 0.
               tree_risk: 0.
               tree_error: 0.
            -
               depth: 1
               sample_count: 3183
               value: -5.4633529667926772e-01
               norm_class_idx: 0
               Tn: 0
               complexity: 0
               alpha: 0.
               node_risk: 0.
               tree_risk: 0.
               tree_error: 0.
      -
         best_tree_idx: -1
         nodes:
            -
               depth: 0
               sample_count: 12468
               value: 2.6383112830989501e-03
               norm_class_idx: 1
               Tn: 0
               complexity: 0
               alpha: 0.
               node_risk: 0.
               tree_risk: 0.
               tree_error: 0.
               splits:
                  - { var:3565, quality:4.9970954656600952e-01,
                      le:2.1682170033454895e-01 }
            -
               depth: 1
               sample_count: 8262
               value: -1.5909371722796775e-01
               norm_class_idx: 0
               Tn: 0
               complexity: 0
               alpha: 0.
               node_risk: 0.
               tree_risk: 0.
               tree_error: 0.
            -
               depth: 1
               sample_count: 4206
               value: 3.3812408510672537e-01
               norm_class_idx: 1
               Tn: 0
               complexity: 0
               alpha: 0.
               node_risk: 0.
               tree_risk: 0.
               tree_error: 0.
      -
         best_tree_idx: -1
         nodes:
            -
               depth: 0
               sample_count: 12839
               value: -3.6401819999121220e-03
               norm_class_idx: 0
               Tn: 0
               complexity: 0
               alpha: 0.
               node_risk: 0.
               tree_risk: 0.
               tree_error: 0.
               splits:
                  - { var:8028, quality:4.9743518233299255e-01,
                      le:3.1342864036560059e-01 }
            -
               depth: 1
               sample_count: 4879
               value: 2.3403010097766058e-01
               norm_class_idx: 1
               Tn: 0
               complexity: 0
               alpha: 0.
               node_risk: 0.
               tree_risk: 0.
               tree_error: 0.
            -
               depth: 1
               sample_count: 7960
               value: -2.0850564168646940e-01
               norm_class_idx: 0
               Tn: 0
               complexity: 0
               alpha: 0.
               node_risk: 0.
               tree_risk: 0.
               tree_error: 0.
      -
         best_tree_idx: -1
         nodes:
            -
               depth: 0
               sample_count: 12806
               value: 1.4150477477544200e-03
               norm_class_idx: 1
               Tn: 0
               complexity: 0
               alpha: 0.
               node_risk: 0.
               tree_risk: 0.
               tree_error: 0.
               splits:
                  - { var:7323, quality:4.9877569079399109e-01,
                      le:2.3709492385387421e-01 }
            -
               depth: 1
               sample_count: 11252
               value: 7.3503379307349681e-02
               norm_class_idx: 1
               Tn: 0
               complexity: 0
               alpha: 0.
               node_risk: 0.
               tree_risk: 0.
               tree_error: 0.
            -
               depth: 1
               sample_count: 1554
               value: -8.5607793972390689e-01
               norm_class_idx: 0
               Tn: 0
               complexity: 0
               alpha: 0.
               node_risk: 0.
               tree_risk: 0.
               tree_error: 0.
      -
         best_tree_idx: -1
         nodes:
            -
               depth: 0
               sample_count: 12467
               value: 5.0712814842540242e-05
               norm_class_idx: 1
               Tn: 0
               complexity: 0
               alpha: 0.
               node_risk: 0.
               tree_risk: 0.
               tree_error: 0.
               splits:
                  - { var:4400, quality:5.0547105073928833e-01,
                      le:1.8650718033313751e-02 }
            -
               depth: 1
               sample_count: 4067
               value: -4.2984136369076742e-01
               norm_class_idx: 0
               Tn: 0
               complexity: 0
               alpha: 0.
               node_risk: 0.
               tree_risk: 0.
               tree_error: 0.
            -
               depth: 1
               sample_count: 8400
               value: 1.5969693513592634e-01
               norm_class_idx: 1
               Tn: 0
               complexity: 0
               alpha: 0.
               node_risk: 0.
               tree_risk: 0.
               tree_error: 0.
      -
         best_tree_idx: -1
         nodes:
            -
               depth: 0
               sample_count: 12236
               value: -2.8771419857007759e-03
               norm_class_idx: 0
               Tn: 0
               complexity: 0
               alpha: 0.
               node_risk: 0.
               tree_risk: 0.
               tree_error: 0.
               splits:
                  - { var:2608, quality:4.9827125668525696e-01,
                      le:9.6990406513214111e-02 }
            -
               depth: 1
               sample_count: 9688
               value: 8.5131242302171631e-02
               norm_class_idx: 1
               Tn: 0
               complexity: 0
               alpha: 0.
               node_risk: 0.
               tree_risk: 0.
               tree_error: 0.
            -
               depth: 1
               sample_count: 2548
               value: -6.3315937037584713e-01
               norm_class_idx: 0
               Tn: 0
               complexity: 0
               alpha: 0.
               node_risk: 0.
               tree_risk: 0.
               tree_error: 0.
      -
         best_tree_idx: -1
         nodes:
            -
               depth: 0
               sample_count: 11554
               value: 8.5678180619583398e-04
               norm_class_idx: 1
               Tn: 0
               complexity: 0
               alpha: 0.
               node_risk: 0.
               tree_risk: 0.
               tree_error: 0.
               splits:
                  - { var:3280, quality:4.9674928188323975e-01,
                      le:2.3874166607856750e-01 }
            -
               depth: 1
               sample_count: 10093
               value: 7.6486329247160090e-02
               norm_class_idx: 1
               Tn: 0
               complexity: 0
               alpha: 0.
               node_risk: 0.
               tree_risk: 0.
               tree_error: 0.
            -
               depth: 1
               sample_count: 1461
               value: -7.0220671923599520e-01
               norm_class_idx: 0
               Tn: 0
               complexity: 0
               alpha: 0.
               node_risk: 0.
               tree_risk: 0.
               tree_error: 0.
      -
         best_tree_idx: -1
         nodes:
            -
               depth: 0
               sample_count: 11255
               value: 2.4439073543628916e-04
               norm_class_idx: 1
               Tn: 0
               complexity: 0
               alpha: 0.
               node_risk: 0.
               tree_risk: 0.
               tree_error: 0.
               splits:
                  - { var:4322, quality:4.9923306703567505e-01,
                      le:2.4692609906196594e-01 }
            -
               depth: 1
               sample_count: 7782
               value: 1.5978084908018739e-01
               norm_class_idx: 1
               Tn: 0
               complexity: 0
               alpha: 0.
               node_risk: 0.
               tree_risk: 0.
               tree_error: 0.
            -
               depth: 1
               sample_count: 3473
               value: -3.3415387630002186e-01
               norm_class_idx: 0
               Tn: 0
               complexity: 0
               alpha: 0.
               node_risk: 0.
               tree_risk: 0.
               tree_error: 0.
      -
         best_tree_idx: -1
         nodes:
            -
               depth: 0
               sample_count: 11409
               value: -3.8018728255666562e-03
               norm_class_idx: 0
               Tn: 0
               complexity: 0
               alpha: 0.
               node_risk: 0.
               tree_risk: 0.
               tree_error: 0.
               splits:
                  - { var:6617, quality:4.9874776601791382e-01,
                      le:3.5295116901397705e-01 }
            -
               depth: 1
               sample_count: 11177
               value: -5.9537212477270139e-02
               norm_class_idx: 0
               Tn: 0
               complexity: 0
               alpha: 0.
               node_risk: 0.
               tree_risk: 0.
               tree_error: 0.
            -
               depth: 1
               sample_count: 232
               value: 1.4420425177740994e+00
               norm_class_idx: 1
               Tn: 0
               complexity: 0
               alpha: 0.
               node_risk: 0.
               tree_risk: 0.
               tree_error: 0.
