%YAML:1.0
my_boost_tree: !!opencv-ml-boost-tree
   boosting_type: RealAdaboost
   splitting_criteria: Gini
   ntrees: 40
   weight_trimming_rate: 9.4999999999999996e-01
   is_classifier: 1
   var_all: 8100
   var_count: 8100
   ord_var_count: 8100
   cat_var_count: 0
   training_params:
      use_surrogates: 0
      max_categories: 10
      max_depth: 1
      min_sample_count: 10
      cross_validation_folds: 0
      priors: !!opencv-matrix
         rows: 1
         cols: 2
         dt: d
         data: [ 1., 1. ]
   var_type: [ 0, 0, 0, 0, 0, 0, 0, 0, 0, 0, 0, 0, 0, 0, 0, 0, 0, 0, 0,
       0, 0, 0, 0, 0, 0, 0, 0, 0, 0, 0, 0, 0, 0, 0, 0, 0, 0, 0, 0, 0, 0,
       0, 0, 0, 0, 0, 0, 0, 0, 0, 0, 0, 0, 0, 0, 0, 0, 0, 0, 0, 0, 0, 0,
       0, 0, 0, 0, 0, 0, 0, 0, 0, 0, 0, 0, 0, 0, 0, 0, 0, 0, 0, 0, 0, 0,
       0, 0, 0, 0, 0, 0, 0, 0, 0, 0, 0, 0, 0, 0, 0, 0, 0, 0, 0, 0, 0, 0,
       0, 0, 0, 0, 0, 0, 0, 0, 0, 0, 0, 0, 0, 0, 0, 0, 0, 0, 0, 0, 0, 0,
       0, 0, 0, 0, 0, 0, 0, 0, 0, 0, 0, 0, 0, 0, 0, 0, 0, 0, 0, 0, 0, 0,
       0, 0, 0, 0, 0, 0, 0, 0, 0, 0, 0, 0, 0, 0, 0, 0, 0, 0, 0, 0, 0, 0,
       0, 0, 0, 0, 0, 0, 0, 0, 0, 0, 0, 0, 0, 0, 0, 0, 0, 0, 0, 0, 0, 0,
       0, 0, 0, 0, 0, 0, 0, 0, 0, 0, 0, 0, 0, 0, 0, 0, 0, 0, 0, 0, 0, 0,
       0, 0, 0, 0, 0, 0, 0, 0, 0, 0, 0, 0, 0, 0, 0, 0, 0, 0, 0, 0, 0, 0,
       0, 0, 0, 0, 0, 0, 0, 0, 0, 0, 0, 0, 0, 0, 0, 0, 0, 0, 0, 0, 0, 0,
       0, 0, 0, 0, 0, 0, 0, 0, 0, 0, 0, 0, 0, 0, 0, 0, 0, 0, 0, 0, 0, 0,
       0, 0, 0, 0, 0, 0, 0, 0, 0, 0, 0, 0, 0, 0, 0, 0, 0, 0, 0, 0, 0, 0,
       0, 0, 0, 0, 0, 0, 0, 0, 0, 0, 0, 0, 0, 0, 0, 0, 0, 0, 0, 0, 0, 0,
       0, 0, 0, 0, 0, 0, 0, 0, 0, 0, 0, 0, 0, 0, 0, 0, 0, 0, 0, 0, 0, 0,
       0, 0, 0, 0, 0, 0, 0, 0, 0, 0, 0, 0, 0, 0, 0, 0, 0, 0, 0, 0, 0, 0,
       0, 0, 0, 0, 0, 0, 0, 0, 0, 0, 0, 0, 0, 0, 0, 0, 0, 0, 0, 0, 0, 0,
       0, 0, 0, 0, 0, 0, 0, 0, 0, 0, 0, 0, 0, 0, 0, 0, 0, 0, 0, 0, 0, 0,
       0, 0, 0, 0, 0, 0, 0, 0, 0, 0, 0, 0, 0, 0, 0, 0, 0, 0, 0, 0, 0, 0,
       0, 0, 0, 0, 0, 0, 0, 0, 0, 0, 0, 0, 0, 0, 0, 0, 0, 0, 0, 0, 0, 0,
       0, 0, 0, 0, 0, 0, 0, 0, 0, 0, 0, 0, 0, 0, 0, 0, 0, 0, 0, 0, 0, 0,
       0, 0, 0, 0, 0, 0, 0, 0, 0, 0, 0, 0, 0, 0, 0, 0, 0, 0, 0, 0, 0, 0,
       0, 0, 0, 0, 0, 0, 0, 0, 0, 0, 0, 0, 0, 0, 0, 0, 0, 0, 0, 0, 0, 0,
       0, 0, 0, 0, 0, 0, 0, 0, 0, 0, 0, 0, 0, 0, 0, 0, 0, 0, 0, 0, 0, 0,
       0, 0, 0, 0, 0, 0, 0, 0, 0, 0, 0, 0, 0, 0, 0, 0, 0, 0, 0, 0, 0, 0,
       0, 0, 0, 0, 0, 0, 0, 0, 0, 0, 0, 0, 0, 0, 0, 0, 0, 0, 0, 0, 0, 0,
       0, 0, 0, 0, 0, 0, 0, 0, 0, 0, 0, 0, 0, 0, 0, 0, 0, 0, 0, 0, 0, 0,
       0, 0, 0, 0, 0, 0, 0, 0, 0, 0, 0, 0, 0, 0, 0, 0, 0, 0, 0, 0, 0, 0,
       0, 0, 0, 0, 0, 0, 0, 0, 0, 0, 0, 0, 0, 0, 0, 0, 0, 0, 0, 0, 0, 0,
       0, 0, 0, 0, 0, 0, 0, 0, 0, 0, 0, 0, 0, 0, 0, 0, 0, 0, 0, 0, 0, 0,
       0, 0, 0, 0, 0, 0, 0, 0, 0, 0, 0, 0, 0, 0, 0, 0, 0, 0, 0, 0, 0, 0,
       0, 0, 0, 0, 0, 0, 0, 0, 0, 0, 0, 0, 0, 0, 0, 0, 0, 0, 0, 0, 0, 0,
       0, 0, 0, 0, 0, 0, 0, 0, 0, 0, 0, 0, 0, 0, 0, 0, 0, 0, 0, 0, 0, 0,
       0, 0, 0, 0, 0, 0, 0, 0, 0, 0, 0, 0, 0, 0, 0, 0, 0, 0, 0, 0, 0, 0,
       0, 0, 0, 0, 0, 0, 0, 0, 0, 0, 0, 0, 0, 0, 0, 0, 0, 0, 0, 0, 0, 0,
       0, 0, 0, 0, 0, 0, 0, 0, 0, 0, 0, 0, 0, 0, 0, 0, 0, 0, 0, 0, 0, 0,
       0, 0, 0, 0, 0, 0, 0, 0, 0, 0, 0, 0, 0, 0, 0, 0, 0, 0, 0, 0, 0, 0,
       0, 0, 0, 0, 0, 0, 0, 0, 0, 0, 0, 0, 0, 0, 0, 0, 0, 0, 0, 0, 0, 0,
       0, 0, 0, 0, 0, 0, 0, 0, 0, 0, 0, 0, 0, 0, 0, 0, 0, 0, 0, 0, 0, 0,
       0, 0, 0, 0, 0, 0, 0, 0, 0, 0, 0, 0, 0, 0, 0, 0, 0, 0, 0, 0, 0, 0,
       0, 0, 0, 0, 0, 0, 0, 0, 0, 0, 0, 0, 0, 0, 0, 0, 0, 0, 0, 0, 0, 0,
       0, 0, 0, 0, 0, 0, 0, 0, 0, 0, 0, 0, 0, 0, 0, 0, 0, 0, 0, 0, 0, 0,
       0, 0, 0, 0, 0, 0, 0, 0, 0, 0, 0, 0, 0, 0, 0, 0, 0, 0, 0, 0, 0, 0,
       0, 0, 0, 0, 0, 0, 0, 0, 0, 0, 0, 0, 0, 0, 0, 0, 0, 0, 0, 0, 0, 0,
       0, 0, 0, 0, 0, 0, 0, 0, 0, 0, 0, 0, 0, 0, 0, 0, 0, 0, 0, 0, 0, 0,
       0, 0, 0, 0, 0, 0, 0, 0, 0, 0, 0, 0, 0, 0, 0, 0, 0, 0, 0, 0, 0, 0,
       0, 0, 0, 0, 0, 0, 0, 0, 0, 0, 0, 0, 0, 0, 0, 0, 0, 0, 0, 0, 0, 0,
       0, 0, 0, 0, 0, 0, 0, 0, 0, 0, 0, 0, 0, 0, 0, 0, 0, 0, 0, 0, 0, 0,
       0, 0, 0, 0, 0, 0, 0, 0, 0, 0, 0, 0, 0, 0, 0, 0, 0, 0, 0, 0, 0, 0,
       0, 0, 0, 0, 0, 0, 0, 0, 0, 0, 0, 0, 0, 0, 0, 0, 0, 0, 0, 0, 0, 0,
       0, 0, 0, 0, 0, 0, 0, 0, 0, 0, 0, 0, 0, 0, 0, 0, 0, 0, 0, 0, 0, 0,
       0, 0, 0, 0, 0, 0, 0, 0, 0, 0, 0, 0, 0, 0, 0, 0, 0, 0, 0, 0, 0, 0,
       0, 0, 0, 0, 0, 0, 0, 0, 0, 0, 0, 0, 0, 0, 0, 0, 0, 0, 0, 0, 0, 0,
       0, 0, 0, 0, 0, 0, 0, 0, 0, 0, 0, 0, 0, 0, 0, 0, 0, 0, 0, 0, 0, 0,
       0, 0, 0, 0, 0, 0, 0, 0, 0, 0, 0, 0, 0, 0, 0, 0, 0, 0, 0, 0, 0, 0,
       0, 0, 0, 0, 0, 0, 0, 0, 0, 0, 0, 0, 0, 0, 0, 0, 0, 0, 0, 0, 0, 0,
       0, 0, 0, 0, 0, 0, 0, 0, 0, 0, 0, 0, 0, 0, 0, 0, 0, 0, 0, 0, 0, 0,
       0, 0, 0, 0, 0, 0, 0, 0, 0, 0, 0, 0, 0, 0, 0, 0, 0, 0, 0, 0, 0, 0,
       0, 0, 0, 0, 0, 0, 0, 0, 0, 0, 0, 0, 0, 0, 0, 0, 0, 0, 0, 0, 0, 0,
       0, 0, 0, 0, 0, 0, 0, 0, 0, 0, 0, 0, 0, 0, 0, 0, 0, 0, 0, 0, 0, 0,
       0, 0, 0, 0, 0, 0, 0, 0, 0, 0, 0, 0, 0, 0, 0, 0, 0, 0, 0, 0, 0, 0,
       0, 0, 0, 0, 0, 0, 0, 0, 0, 0, 0, 0, 0, 0, 0, 0, 0, 0, 0, 0, 0, 0,
       0, 0, 0, 0, 0, 0, 0, 0, 0, 0, 0, 0, 0, 0, 0, 0, 0, 0, 0, 0, 0, 0,
       0, 0, 0, 0, 0, 0, 0, 0, 0, 0, 0, 0, 0, 0, 0, 0, 0, 0, 0, 0, 0, 0,
       0, 0, 0, 0, 0, 0, 0, 0, 0, 0, 0, 0, 0, 0, 0, 0, 0, 0, 0, 0, 0, 0,
       0, 0, 0, 0, 0, 0, 0, 0, 0, 0, 0, 0, 0, 0, 0, 0, 0, 0, 0, 0, 0, 0,
       0, 0, 0, 0, 0, 0, 0, 0, 0, 0, 0, 0, 0, 0, 0, 0, 0, 0, 0, 0, 0, 0,
       0, 0, 0, 0, 0, 0, 0, 0, 0, 0, 0, 0, 0, 0, 0, 0, 0, 0, 0, 0, 0, 0,
       0, 0, 0, 0, 0, 0, 0, 0, 0, 0, 0, 0, 0, 0, 0, 0, 0, 0, 0, 0, 0, 0,
       0, 0, 0, 0, 0, 0, 0, 0, 0, 0, 0, 0, 0, 0, 0, 0, 0, 0, 0, 0, 0, 0,
       0, 0, 0, 0, 0, 0, 0, 0, 0, 0, 0, 0, 0, 0, 0, 0, 0, 0, 0, 0, 0, 0,
       0, 0, 0, 0, 0, 0, 0, 0, 0, 0, 0, 0, 0, 0, 0, 0, 0, 0, 0, 0, 0, 0,
       0, 0, 0, 0, 0, 0, 0, 0, 0, 0, 0, 0, 0, 0, 0, 0, 0, 0, 0, 0, 0, 0,
       0, 0, 0, 0, 0, 0, 0, 0, 0, 0, 0, 0, 0, 0, 0, 0, 0, 0, 0, 0, 0, 0,
       0, 0, 0, 0, 0, 0, 0, 0, 0, 0, 0, 0, 0, 0, 0, 0, 0, 0, 0, 0, 0, 0,
       0, 0, 0, 0, 0, 0, 0, 0, 0, 0, 0, 0, 0, 0, 0, 0, 0, 0, 0, 0, 0, 0,
       0, 0, 0, 0, 0, 0, 0, 0, 0, 0, 0, 0, 0, 0, 0, 0, 0, 0, 0, 0, 0, 0,
       0, 0, 0, 0, 0, 0, 0, 0, 0, 0, 0, 0, 0, 0, 0, 0, 0, 0, 0, 0, 0, 0,
       0, 0, 0, 0, 0, 0, 0, 0, 0, 0, 0, 0, 0, 0, 0, 0, 0, 0, 0, 0, 0, 0,
       0, 0, 0, 0, 0, 0, 0, 0, 0, 0, 0, 0, 0, 0, 0, 0, 0, 0, 0, 0, 0, 0,
       0, 0, 0, 0, 0, 0, 0, 0, 0, 0, 0, 0, 0, 0, 0, 0, 0, 0, 0, 0, 0, 0,
       0, 0, 0, 0, 0, 0, 0, 0, 0, 0, 0, 0, 0, 0, 0, 0, 0, 0, 0, 0, 0, 0,
       0, 0, 0, 0, 0, 0, 0, 0, 0, 0, 0, 0, 0, 0, 0, 0, 0, 0, 0, 0, 0, 0,
       0, 0, 0, 0, 0, 0, 0, 0, 0, 0, 0, 0, 0, 0, 0, 0, 0, 0, 0, 0, 0, 0,
       0, 0, 0, 0, 0, 0, 0, 0, 0, 0, 0, 0, 0, 0, 0, 0, 0, 0, 0, 0, 0, 0,
       0, 0, 0, 0, 0, 0, 0, 0, 0, 0, 0, 0, 0, 0, 0, 0, 0, 0, 0, 0, 0, 0,
       0, 0, 0, 0, 0, 0, 0, 0, 0, 0, 0, 0, 0, 0, 0, 0, 0, 0, 0, 0, 0, 0,
       0, 0, 0, 0, 0, 0, 0, 0, 0, 0, 0, 0, 0, 0, 0, 0, 0, 0, 0, 0, 0, 0,
       0, 0, 0, 0, 0, 0, 0, 0, 0, 0, 0, 0, 0, 0, 0, 0, 0, 0, 0, 0, 0, 0,
       0, 0, 0, 0, 0, 0, 0, 0, 0, 0, 0, 0, 0, 0, 0, 0, 0, 0, 0, 0, 0, 0,
       0, 0, 0, 0, 0, 0, 0, 0, 0, 0, 0, 0, 0, 0, 0, 0, 0, 0, 0, 0, 0, 0,
       0, 0, 0, 0, 0, 0, 0, 0, 0, 0, 0, 0, 0, 0, 0, 0, 0, 0, 0, 0, 0, 0,
       0, 0, 0, 0, 0, 0, 0, 0, 0, 0, 0, 0, 0, 0, 0, 0, 0, 0, 0, 0, 0, 0,
       0, 0, 0, 0, 0, 0, 0, 0, 0, 0, 0, 0, 0, 0, 0, 0, 0, 0, 0, 0, 0, 0,
       0, 0, 0, 0, 0, 0, 0, 0, 0, 0, 0, 0, 0, 0, 0, 0, 0, 0, 0, 0, 0, 0,
       0, 0, 0, 0, 0, 0, 0, 0, 0, 0, 0, 0, 0, 0, 0, 0, 0, 0, 0, 0, 0, 0,
       0, 0, 0, 0, 0, 0, 0, 0, 0, 0, 0, 0, 0, 0, 0, 0, 0, 0, 0, 0, 0, 0,
       0, 0, 0, 0, 0, 0, 0, 0, 0, 0, 0, 0, 0, 0, 0, 0, 0, 0, 0, 0, 0, 0,
       0, 0, 0, 0, 0, 0, 0, 0, 0, 0, 0, 0, 0, 0, 0, 0, 0, 0, 0, 0, 0, 0,
       0, 0, 0, 0, 0, 0, 0, 0, 0, 0, 0, 0, 0, 0, 0, 0, 0, 0, 0, 0, 0, 0,
       0, 0, 0, 0, 0, 0, 0, 0, 0, 0, 0, 0, 0, 0, 0, 0, 0, 0, 0, 0, 0, 0,
       0, 0, 0, 0, 0, 0, 0, 0, 0, 0, 0, 0, 0, 0, 0, 0, 0, 0, 0, 0, 0, 0,
       0, 0, 0, 0, 0, 0, 0, 0, 0, 0, 0, 0, 0, 0, 0, 0, 0, 0, 0, 0, 0, 0,
       0, 0, 0, 0, 0, 0, 0, 0, 0, 0, 0, 0, 0, 0, 0, 0, 0, 0, 0, 0, 0, 0,
       0, 0, 0, 0, 0, 0, 0, 0, 0, 0, 0, 0, 0, 0, 0, 0, 0, 0, 0, 0, 0, 0,
       0, 0, 0, 0, 0, 0, 0, 0, 0, 0, 0, 0, 0, 0, 0, 0, 0, 0, 0, 0, 0, 0,
       0, 0, 0, 0, 0, 0, 0, 0, 0, 0, 0, 0, 0, 0, 0, 0, 0, 0, 0, 0, 0, 0,
       0, 0, 0, 0, 0, 0, 0, 0, 0, 0, 0, 0, 0, 0, 0, 0, 0, 0, 0, 0, 0, 0,
       0, 0, 0, 0, 0, 0, 0, 0, 0, 0, 0, 0, 0, 0, 0, 0, 0, 0, 0, 0, 0, 0,
       0, 0, 0, 0, 0, 0, 0, 0, 0, 0, 0, 0, 0, 0, 0, 0, 0, 0, 0, 0, 0, 0,
       0, 0, 0, 0, 0, 0, 0, 0, 0, 0, 0, 0, 0, 0, 0, 0, 0, 0, 0, 0, 0, 0,
       0, 0, 0, 0, 0, 0, 0, 0, 0, 0, 0, 0, 0, 0, 0, 0, 0, 0, 0, 0, 0, 0,
       0, 0, 0, 0, 0, 0, 0, 0, 0, 0, 0, 0, 0, 0, 0, 0, 0, 0, 0, 0, 0, 0,
       0, 0, 0, 0, 0, 0, 0, 0, 0, 0, 0, 0, 0, 0, 0, 0, 0, 0, 0, 0, 0, 0,
       0, 0, 0, 0, 0, 0, 0, 0, 0, 0, 0, 0, 0, 0, 0, 0, 0, 0, 0, 0, 0, 0,
       0, 0, 0, 0, 0, 0, 0, 0, 0, 0, 0, 0, 0, 0, 0, 0, 0, 0, 0, 0, 0, 0,
       0, 0, 0, 0, 0, 0, 0, 0, 0, 0, 0, 0, 0, 0, 0, 0, 0, 0, 0, 0, 0, 0,
       0, 0, 0, 0, 0, 0, 0, 0, 0, 0, 0, 0, 0, 0, 0, 0, 0, 0, 0, 0, 0, 0,
       0, 0, 0, 0, 0, 0, 0, 0, 0, 0, 0, 0, 0, 0, 0, 0, 0, 0, 0, 0, 0, 0,
       0, 0, 0, 0, 0, 0, 0, 0, 0, 0, 0, 0, 0, 0, 0, 0, 0, 0, 0, 0, 0, 0,
       0, 0, 0, 0, 0, 0, 0, 0, 0, 0, 0, 0, 0, 0, 0, 0, 0, 0, 0, 0, 0, 0,
       0, 0, 0, 0, 0, 0, 0, 0, 0, 0, 0, 0, 0, 0, 0, 0, 0, 0, 0, 0, 0, 0,
       0, 0, 0, 0, 0, 0, 0, 0, 0, 0, 0, 0, 0, 0, 0, 0, 0, 0, 0, 0, 0, 0,
       0, 0, 0, 0, 0, 0, 0, 0, 0, 0, 0, 0, 0, 0, 0, 0, 0, 0, 0, 0, 0, 0,
       0, 0, 0, 0, 0, 0, 0, 0, 0, 0, 0, 0, 0, 0, 0, 0, 0, 0, 0, 0, 0, 0,
       0, 0, 0, 0, 0, 0, 0, 0, 0, 0, 0, 0, 0, 0, 0, 0, 0, 0, 0, 0, 0, 0,
       0, 0, 0, 0, 0, 0, 0, 0, 0, 0, 0, 0, 0, 0, 0, 0, 0, 0, 0, 0, 0, 0,
       0, 0, 0, 0, 0, 0, 0, 0, 0, 0, 0, 0, 0, 0, 0, 0, 0, 0, 0, 0, 0, 0,
       0, 0, 0, 0, 0, 0, 0, 0, 0, 0, 0, 0, 0, 0, 0, 0, 0, 0, 0, 0, 0, 0,
       0, 0, 0, 0, 0, 0, 0, 0, 0, 0, 0, 0, 0, 0, 0, 0, 0, 0, 0, 0, 0, 0,
       0, 0, 0, 0, 0, 0, 0, 0, 0, 0, 0, 0, 0, 0, 0, 0, 0, 0, 0, 0, 0, 0,
       0, 0, 0, 0, 0, 0, 0, 0, 0, 0, 0, 0, 0, 0, 0, 0, 0, 0, 0, 0, 0, 0,
       0, 0, 0, 0, 0, 0, 0, 0, 0, 0, 0, 0, 0, 0, 0, 0, 0, 0, 0, 0, 0, 0,
       0, 0, 0, 0, 0, 0, 0, 0, 0, 0, 0, 0, 0, 0, 0, 0, 0, 0, 0, 0, 0, 0,
       0, 0, 0, 0, 0, 0, 0, 0, 0, 0, 0, 0, 0, 0, 0, 0, 0, 0, 0, 0, 0, 0,
       0, 0, 0, 0, 0, 0, 0, 0, 0, 0, 0, 0, 0, 0, 0, 0, 0, 0, 0, 0, 0, 0,
       0, 0, 0, 0, 0, 0, 0, 0, 0, 0, 0, 0, 0, 0, 0, 0, 0, 0, 0, 0, 0, 0,
       0, 0, 0, 0, 0, 0, 0, 0, 0, 0, 0, 0, 0, 0, 0, 0, 0, 0, 0, 0, 0, 0,
       0, 0, 0, 0, 0, 0, 0, 0, 0, 0, 0, 0, 0, 0, 0, 0, 0, 0, 0, 0, 0, 0,
       0, 0, 0, 0, 0, 0, 0, 0, 0, 0, 0, 0, 0, 0, 0, 0, 0, 0, 0, 0, 0, 0,
       0, 0, 0, 0, 0, 0, 0, 0, 0, 0, 0, 0, 0, 0, 0, 0, 0, 0, 0, 0, 0, 0,
       0, 0, 0, 0, 0, 0, 0, 0, 0, 0, 0, 0, 0, 0, 0, 0, 0, 0, 0, 0, 0, 0,
       0, 0, 0, 0, 0, 0, 0, 0, 0, 0, 0, 0, 0, 0, 0, 0, 0, 0, 0, 0, 0, 0,
       0, 0, 0, 0, 0, 0, 0, 0, 0, 0, 0, 0, 0, 0, 0, 0, 0, 0, 0, 0, 0, 0,
       0, 0, 0, 0, 0, 0, 0, 0, 0, 0, 0, 0, 0, 0, 0, 0, 0, 0, 0, 0, 0, 0,
       0, 0, 0, 0, 0, 0, 0, 0, 0, 0, 0, 0, 0, 0, 0, 0, 0, 0, 0, 0, 0, 0,
       0, 0, 0, 0, 0, 0, 0, 0, 0, 0, 0, 0, 0, 0, 0, 0, 0, 0, 0, 0, 0, 0,
       0, 0, 0, 0, 0, 0, 0, 0, 0, 0, 0, 0, 0, 0, 0, 0, 0, 0, 0, 0, 0, 0,
       0, 0, 0, 0, 0, 0, 0, 0, 0, 0, 0, 0, 0, 0, 0, 0, 0, 0, 0, 0, 0, 0,
       0, 0, 0, 0, 0, 0, 0, 0, 0, 0, 0, 0, 0, 0, 0, 0, 0, 0, 0, 0, 0, 0,
       0, 0, 0, 0, 0, 0, 0, 0, 0, 0, 0, 0, 0, 0, 0, 0, 0, 0, 0, 0, 0, 0,
       0, 0, 0, 0, 0, 0, 0, 0, 0, 0, 0, 0, 0, 0, 0, 0, 0, 0, 0, 0, 0, 0,
       0, 0, 0, 0, 0, 0, 0, 0, 0, 0, 0, 0, 0, 0, 0, 0, 0, 0, 0, 0, 0, 0,
       0, 0, 0, 0, 0, 0, 0, 0, 0, 0, 0, 0, 0, 0, 0, 0, 0, 0, 0, 0, 0, 0,
       0, 0, 0, 0, 0, 0, 0, 0, 0, 0, 0, 0, 0, 0, 0, 0, 0, 0, 0, 0, 0, 0,
       0, 0, 0, 0, 0, 0, 0, 0, 0, 0, 0, 0, 0, 0, 0, 0, 0, 0, 0, 0, 0, 0,
       0, 0, 0, 0, 0, 0, 0, 0, 0, 0, 0, 0, 0, 0, 0, 0, 0, 0, 0, 0, 0, 0,
       0, 0, 0, 0, 0, 0, 0, 0, 0, 0, 0, 0, 0, 0, 0, 0, 0, 0, 0, 0, 0, 0,
       0, 0, 0, 0, 0, 0, 0, 0, 0, 0, 0, 0, 0, 0, 0, 0, 0, 0, 0, 0, 0, 0,
       0, 0, 0, 0, 0, 0, 0, 0, 0, 0, 0, 0, 0, 0, 0, 0, 0, 0, 0, 0, 0, 0,
       0, 0, 0, 0, 0, 0, 0, 0, 0, 0, 0, 0, 0, 0, 0, 0, 0, 0, 0, 0, 0, 0,
       0, 0, 0, 0, 0, 0, 0, 0, 0, 0, 0, 0, 0, 0, 0, 0, 0, 0, 0, 0, 0, 0,
       0, 0, 0, 0, 0, 0, 0, 0, 0, 0, 0, 0, 0, 0, 0, 0, 0, 0, 0, 0, 0, 0,
       0, 0, 0, 0, 0, 0, 0, 0, 0, 0, 0, 0, 0, 0, 0, 0, 0, 0, 0, 0, 0, 0,
       0, 0, 0, 0, 0, 0, 0, 0, 0, 0, 0, 0, 0, 0, 0, 0, 0, 0, 0, 0, 0, 0,
       0, 0, 0, 0, 0, 0, 0, 0, 0, 0, 0, 0, 0, 0, 0, 0, 0, 0, 0, 0, 0, 0,
       0, 0, 0, 0, 0, 0, 0, 0, 0, 0, 0, 0, 0, 0, 0, 0, 0, 0, 0, 0, 0, 0,
       0, 0, 0, 0, 0, 0, 0, 0, 0, 0, 0, 0, 0, 0, 0, 0, 0, 0, 0, 0, 0, 0,
       0, 0, 0, 0, 0, 0, 0, 0, 0, 0, 0, 0, 0, 0, 0, 0, 0, 0, 0, 0, 0, 0,
       0, 0, 0, 0, 0, 0, 0, 0, 0, 0, 0, 0, 0, 0, 0, 0, 0, 0, 0, 0, 0, 0,
       0, 0, 0, 0, 0, 0, 0, 0, 0, 0, 0, 0, 0, 0, 0, 0, 0, 0, 0, 0, 0, 0,
       0, 0, 0, 0, 0, 0, 0, 0, 0, 0, 0, 0, 0, 0, 0, 0, 0, 0, 0, 0, 0, 0,
       0, 0, 0, 0, 0, 0, 0, 0, 0, 0, 0, 0, 0, 0, 0, 0, 0, 0, 0, 0, 0, 0,
       0, 0, 0, 0, 0, 0, 0, 0, 0, 0, 0, 0, 0, 0, 0, 0, 0, 0, 0, 0, 0, 0,
       0, 0, 0, 0, 0, 0, 0, 0, 0, 0, 0, 0, 0, 0, 0, 0, 0, 0, 0, 0, 0, 0,
       0, 0, 0, 0, 0, 0, 0, 0, 0, 0, 0, 0, 0, 0, 0, 0, 0, 0, 0, 0, 0, 0,
       0, 0, 0, 0, 0, 0, 0, 0, 0, 0, 0, 0, 0, 0, 0, 0, 0, 0, 0, 0, 0, 0,
       0, 0, 0, 0, 0, 0, 0, 0, 0, 0, 0, 0, 0, 0, 0, 0, 0, 0, 0, 0, 0, 0,
       0, 0, 0, 0, 0, 0, 0, 0, 0, 0, 0, 0, 0, 0, 0, 0, 0, 0, 0, 0, 0, 0,
       0, 0, 0, 0, 0, 0, 0, 0, 0, 0, 0, 0, 0, 0, 0, 0, 0, 0, 0, 0, 0, 0,
       0, 0, 0, 0, 0, 0, 0, 0, 0, 0, 0, 0, 0, 0, 0, 0, 0, 0, 0, 0, 0, 0,
       0, 0, 0, 0, 0, 0, 0, 0, 0, 0, 0, 0, 0, 0, 0, 0, 0, 0, 0, 0, 0, 0,
       0, 0, 0, 0, 0, 0, 0, 0, 0, 0, 0, 0, 0, 0, 0, 0, 0, 0, 0, 0, 0, 0,
       0, 0, 0, 0, 0, 0, 0, 0, 0, 0, 0, 0, 0, 0, 0, 0, 0, 0, 0, 0, 0, 0,
       0, 0, 0, 0, 0, 0, 0, 0, 0, 0, 0, 0, 0, 0, 0, 0, 0, 0, 0, 0, 0, 0,
       0, 0, 0, 0, 0, 0, 0, 0, 0, 0, 0, 0, 0, 0, 0, 0, 0, 0, 0, 0, 0, 0,
       0, 0, 0, 0, 0, 0, 0, 0, 0, 0, 0, 0, 0, 0, 0, 0, 0, 0, 0, 0, 0, 0,
       0, 0, 0, 0, 0, 0, 0, 0, 0, 0, 0, 0, 0, 0, 0, 0, 0, 0, 0, 0, 0, 0,
       0, 0, 0, 0, 0, 0, 0, 0, 0, 0, 0, 0, 0, 0, 0, 0, 0, 0, 0, 0, 0, 0,
       0, 0, 0, 0, 0, 0, 0, 0, 0, 0, 0, 0, 0, 0, 0, 0, 0, 0, 0, 0, 0, 0,
       0, 0, 0, 0, 0, 0, 0, 0, 0, 0, 0, 0, 0, 0, 0, 0, 0, 0, 0, 0, 0, 0,
       0, 0, 0, 0, 0, 0, 0, 0, 0, 0, 0, 0, 0, 0, 0, 0, 0, 0, 0, 0, 0, 0,
       0, 0, 0, 0, 0, 0, 0, 0, 0, 0, 0, 0, 0, 0, 0, 0, 0, 0, 0, 0, 0, 0,
       0, 0, 0, 0, 0, 0, 0, 0, 0, 0, 0, 0, 0, 0, 0, 0, 0, 0, 0, 0, 0, 0,
       0, 0, 0, 0, 0, 0, 0, 0, 0, 0, 0, 0, 0, 0, 0, 0, 0, 0, 0, 0, 0, 0,
       0, 0, 0, 0, 0, 0, 0, 0, 0, 0, 0, 0, 0, 0, 0, 0, 0, 0, 0, 0, 0, 0,
       0, 0, 0, 0, 0, 0, 0, 0, 0, 0, 0, 0, 0, 0, 0, 0, 0, 0, 0, 0, 0, 0,
       0, 0, 0, 0, 0, 0, 0, 0, 0, 0, 0, 0, 0, 0, 0, 0, 0, 0, 0, 0, 0, 0,
       0, 0, 0, 0, 0, 0, 0, 0, 0, 0, 0, 0, 0, 0, 0, 0, 0, 0, 0, 0, 0, 0,
       0, 0, 0, 0, 0, 0, 0, 0, 0, 0, 0, 0, 0, 0, 0, 0, 0, 0, 0, 0, 0, 0,
       0, 0, 0, 0, 0, 0, 0, 0, 0, 0, 0, 0, 0, 0, 0, 0, 0, 0, 0, 0, 0, 0,
       0, 0, 0, 0, 0, 0, 0, 0, 0, 0, 0, 0, 0, 0, 0, 0, 0, 0, 0, 0, 0, 0,
       0, 0, 0, 0, 0, 0, 0, 0, 0, 0, 0, 0, 0, 0, 0, 0, 0, 0, 0, 0, 0, 0,
       0, 0, 0, 0, 0, 0, 0, 0, 0, 0, 0, 0, 0, 0, 0, 0, 0, 0, 0, 0, 0, 0,
       0, 0, 0, 0, 0, 0, 0, 0, 0, 0, 0, 0, 0, 0, 0, 0, 0, 0, 0, 0, 0, 0,
       0, 0, 0, 0, 0, 0, 0, 0, 0, 0, 0, 0, 0, 0, 0, 0, 0, 0, 0, 0, 0, 0,
       0, 0, 0, 0, 0, 0, 0, 0, 0, 0, 0, 0, 0, 0, 0, 0, 0, 0, 0, 0, 0, 0,
       0, 0, 0, 0, 0, 0, 0, 0, 0, 0, 0, 0, 0, 0, 0, 0, 0, 0, 0, 0, 0, 0,
       0, 0, 0, 0, 0, 0, 0, 0, 0, 0, 0, 0, 0, 0, 0, 0, 0, 0, 0, 0, 0, 0,
       0, 0, 0, 0, 0, 0, 0, 0, 0, 0, 0, 0, 0, 0, 0, 0, 0, 0, 0, 0, 0, 0,
       0, 0, 0, 0, 0, 0, 0, 0, 0, 0, 0, 0, 0, 0, 0, 0, 0, 0, 0, 0, 0, 0,
       0, 0, 0, 0, 0, 0, 0, 0, 0, 0, 0, 0, 0, 0, 0, 0, 0, 0, 0, 0, 0, 0,
       0, 0, 0, 0, 0, 0, 0, 0, 0, 0, 0, 0, 0, 0, 0, 0, 0, 0, 0, 0, 0, 0,
       0, 0, 0, 0, 0, 0, 0, 0, 0, 0, 0, 0, 0, 0, 0, 0, 0, 0, 0, 0, 0, 0,
       0, 0, 0, 0, 0, 0, 0, 0, 0, 0, 0, 0, 0, 0, 0, 0, 0, 0, 0, 0, 0, 0,
       0, 0, 0, 0, 0, 0, 0, 0, 0, 0, 0, 0, 0, 0, 0, 0, 0, 0, 0, 0, 0, 0,
       0, 0, 0, 0, 0, 0, 0, 0, 0, 0, 0, 0, 0, 0, 0, 0, 0, 0, 0, 0, 0, 0,
       0, 0, 0, 0, 0, 0, 0, 0, 0, 0, 0, 0, 0, 0, 0, 0, 0, 0, 0, 0, 0, 0,
       0, 0, 0, 0, 0, 0, 0, 0, 0, 0, 0, 0, 0, 0, 0, 0, 0, 0, 0, 0, 0, 0,
       0, 0, 0, 0, 0, 0, 0, 0, 0, 0, 0, 0, 0, 0, 0, 0, 0, 0, 0, 0, 0, 0,
       0, 0, 0, 0, 0, 0, 0, 0, 0, 0, 0, 0, 0, 0, 0, 0, 0, 0, 0, 0, 0, 0,
       0, 0, 0, 0, 0, 0, 0, 0, 0, 0, 0, 0, 0, 0, 0, 0, 0, 0, 0, 0, 0, 0,
       0, 0, 0, 0, 0, 0, 0, 0, 0, 0, 0, 0, 0, 0, 0, 0, 0, 0, 0, 0, 0, 0,
       0, 0, 0, 0, 0, 0, 0, 0, 0, 0, 0, 0, 0, 0, 0, 0, 0, 0, 0, 0, 0, 0,
       0, 0, 0, 0, 0, 0, 0, 0, 0, 0, 0, 0, 0, 0, 0, 0, 0, 0, 0, 0, 0, 0,
       0, 0, 0, 0, 0, 0, 0, 0, 0, 0, 0, 0, 0, 0, 0, 0, 0, 0, 0, 0, 0, 0,
       0, 0, 0, 0, 0, 0, 0, 0, 0, 0, 0, 0, 0, 0, 0, 0, 0, 0, 0, 0, 0, 0,
       0, 0, 0, 0, 0, 0, 0, 0, 0, 0, 0, 0, 0, 0, 0, 0, 0, 0, 0, 0, 0, 0,
       0, 0, 0, 0, 0, 0, 0, 0, 0, 0, 0, 0, 0, 0, 0, 0, 0, 0, 0, 0, 0, 0,
       0, 0, 0, 0, 0, 0, 0, 0, 0, 0, 0, 0, 0, 0, 0, 0, 0, 0, 0, 0, 0, 0,
       0, 0, 0, 0, 0, 0, 0, 0, 0, 0, 0, 0, 0, 0, 0, 0, 0, 0, 0, 0, 0, 0,
       0, 0, 0, 0, 0, 0, 0, 0, 0, 0, 0, 0, 0, 0, 0, 0, 0, 0, 0, 0, 0, 0,
       0, 0, 0, 0, 0, 0, 0, 0, 0, 0, 0, 0, 0, 0, 0, 0, 0, 0, 0, 0, 0, 0,
       0, 0, 0, 0, 0, 0, 0, 0, 0, 0, 0, 0, 0, 0, 0, 0, 0, 0, 0, 0, 0, 0,
       0, 0, 0, 0, 0, 0, 0, 0, 0, 0, 0, 0, 0, 0, 0, 0, 0, 0, 0, 0, 0, 0,
       0, 0, 0, 0, 0, 0, 0, 0, 0, 0, 0, 0, 0, 0, 0, 0, 0, 0, 0, 0, 0, 0,
       0, 0, 0, 0, 0, 0, 0, 0, 0, 0, 0, 0, 0, 0, 0, 0, 0, 0, 0, 0, 0, 0,
       0, 0, 0, 0, 0, 0, 0, 0, 0, 0, 0, 0, 0, 0, 0, 0, 0, 0, 0, 0, 0, 0,
       0, 0, 0, 0, 0, 0, 0, 0, 0, 0, 0, 0, 0, 0, 0, 0, 0, 0, 0, 0, 0, 0,
       0, 0, 0, 0, 0, 0, 0, 0, 0, 0, 0, 0, 0, 0, 0, 0, 0, 0, 0, 0, 0, 0,
       0, 0, 0, 0, 0, 0, 0, 0, 0, 0, 0, 0, 0, 0, 0, 0, 0, 0, 0, 0, 0, 0,
       0, 0, 0, 0, 0, 0, 0, 0, 0, 0, 0, 0, 0, 0, 0, 0, 0, 0, 0, 0, 0, 0,
       0, 0, 0, 0, 0, 0, 0, 0, 0, 0, 0, 0, 0, 0, 0, 0, 0, 0, 0, 0, 0, 0,
       0, 0, 0, 0, 0, 0, 0, 0, 0, 0, 0, 0, 0, 0, 0, 0, 0, 0, 0, 0, 0, 0,
       0, 0, 0, 0, 0, 0, 0, 0, 0, 0, 0, 0, 0, 0, 0, 0, 0, 0, 0, 0, 0, 0,
       0, 0, 0, 0, 0, 0, 0, 0, 0, 0, 0, 0, 0, 0, 0, 0, 0, 0, 0, 0, 0, 0,
       0, 0, 0, 0, 0, 0, 0, 0, 0, 0, 0, 0, 0, 0, 0, 0, 0, 0, 0, 0, 0, 0,
       0, 0, 0, 0, 0, 0, 0, 0, 0, 0, 0, 0, 0, 0, 0, 0, 0, 0, 0, 0, 0, 0,
       0, 0, 0, 0, 0, 0, 0, 0, 0, 0, 0, 0, 0, 0, 0, 0, 0, 0, 0, 0, 0, 0,
       0, 0, 0, 0, 0, 0, 0, 0, 0, 0, 0, 0, 0, 0, 0, 0, 0, 0, 0, 0, 0, 0,
       0, 0, 0, 0, 0, 0, 0, 0, 0, 0, 0, 0, 0, 0, 0, 0, 0, 0, 0, 0, 0, 0,
       0, 0, 0, 0, 0, 0, 0, 0, 0, 0, 0, 0, 0, 0, 0, 0, 0, 0, 0, 0, 0, 0,
       0, 0, 0, 0, 0, 0, 0, 0, 0, 0, 0, 0, 0, 0, 0, 0, 0, 0, 0, 0, 0, 0,
       0, 0, 0, 0, 0, 0, 0, 0, 0, 0, 0, 0, 0, 0, 0, 0, 0, 0, 0, 0, 0, 0,
       0, 0, 0, 0, 0, 0, 0, 0, 0, 0, 0, 0, 0, 0, 0, 0, 0, 0, 0, 0, 0, 0,
       0, 0, 0, 0, 0, 0, 0, 0, 0, 0, 0, 0, 0, 0, 0, 0, 0, 0, 0, 0, 0, 0,
       0, 0, 0, 0, 0, 0, 0, 0, 0, 0, 0, 0, 0, 0, 0, 0, 0, 0, 0, 0, 0, 0,
       0, 0, 0, 0, 0, 0, 0, 0, 0, 0, 0, 0, 0, 0, 0, 0, 0, 0, 0, 0, 0, 0,
       0, 0, 0, 0, 0, 0, 0, 0, 0, 0, 0, 0, 0, 0, 0, 0, 0, 0, 0, 0, 0, 0,
       0, 0, 0, 0, 0, 0, 0, 0, 0, 0, 0, 0, 0, 0, 0, 0, 0, 0, 0, 0, 0, 0,
       0, 0, 0, 0, 0, 0, 0, 0, 0, 0, 0, 0, 0, 0, 0, 0, 0, 0, 0, 0, 0, 0,
       0, 0, 0, 0, 0, 0, 0, 0, 0, 0, 0, 0, 0, 0, 0, 0, 0, 0, 0, 0, 0, 0,
       0, 0, 0, 0, 0, 0, 0, 0, 0, 0, 0, 0, 0, 0, 0, 0, 0, 0, 0, 0, 0, 0,
       0, 0, 0, 0, 0, 0, 0, 0, 0, 0, 0, 0, 0, 0, 0, 0, 0, 0, 0, 0, 0, 0,
       0, 0, 0, 0, 0, 0, 0, 0, 0, 0, 0, 0, 0, 0, 0, 0, 0, 0, 0, 0, 0, 0,
       0, 0, 0, 0, 0, 0, 0, 0, 0, 0, 0, 0, 0, 0, 0, 0, 0, 0, 0, 0, 0, 0,
       0, 0, 0, 0, 0, 0, 0, 0, 0, 0, 0, 0, 0, 0, 0, 0, 0, 0, 0, 0, 0, 0,
       0, 0, 0, 0, 0, 0, 0, 0, 0, 0, 0, 0, 0, 0, 0, 0, 0, 0, 0, 0, 0, 0,
       0, 0, 0, 0, 0, 0, 0, 0, 0, 0, 0, 0, 0, 0, 0, 0, 0, 0, 0, 0, 0, 0,
       0, 0, 0, 0, 0, 0, 0, 0, 0, 0, 0, 0, 0, 0, 0, 0, 0, 0, 0, 0, 0, 0,
       0, 0, 0, 0, 0, 0, 0, 0, 0, 0, 0, 0, 0, 0, 0, 0, 0, 0, 0, 0, 0, 0,
       0, 0, 0, 0, 0, 0, 0, 0, 0, 0, 0, 0, 0, 0, 0, 0, 0, 0, 0, 0, 0, 0,
       0, 0, 0, 0, 0, 0, 0, 0, 0, 0, 0, 0, 0, 0, 0, 0, 0, 0, 0, 0, 0, 0,
       0, 0, 0, 0, 0, 0, 0, 0, 0, 0, 0, 0, 0, 0, 0, 0, 0, 0, 0, 0, 0, 0,
       0, 0, 0, 0, 0, 0, 0, 0, 0, 0, 0, 0, 0, 0, 0, 0, 0, 0, 0, 0, 0, 0,
       0, 0, 0, 0, 0, 0, 0, 0, 0, 0, 0, 0, 0, 0, 0, 0, 0, 0, 0, 0, 0, 0,
       0, 0, 0, 0, 0, 0, 0, 0, 0, 0, 0, 0, 0, 0, 0, 0, 0, 0, 0, 0, 0, 0,
       0, 0, 0, 0, 0, 0, 0, 0, 0, 0, 0, 0, 0, 0, 0, 0, 0, 0, 0, 0, 0, 0,
       0, 0, 0, 0, 0, 0, 0, 0, 0, 0, 0, 0, 0, 0, 0, 0, 0, 0, 0, 0, 0, 0,
       0, 0, 0, 0, 0, 0, 0, 0, 0, 0, 0, 0, 0, 0, 0, 0, 0, 0, 0, 0, 0, 0,
       0, 0, 0, 0, 0, 0, 0, 0, 0, 0, 0, 0, 0, 0, 0, 0, 0, 0, 0, 0, 0, 0,
       0, 0, 0, 0, 0, 0, 0, 0, 0, 0, 0, 0, 0, 0, 0, 0, 0, 0, 0, 0, 0, 0,
       0, 0, 0, 0, 0, 0, 0, 0, 0, 0, 0, 0, 0, 0, 0, 0, 0, 0, 0, 0, 0, 0,
       0, 0, 0, 0, 0, 0, 0, 0, 0, 0, 0, 0, 0, 0, 0, 0, 0, 0, 0, 0, 0, 0,
       0, 0, 0, 0, 0, 0, 0, 0, 0, 0, 0, 0, 0, 0, 0, 0, 0, 0, 0, 0, 0, 0,
       0, 0, 0, 0, 0, 0, 0, 0, 0, 0, 0, 0, 0, 0, 0, 0, 0, 0, 0, 0, 0, 0,
       0, 0, 0, 0, 0, 0, 0, 0, 0, 0, 0, 0, 0, 0, 0, 0, 0, 0, 0, 0, 0, 0,
       0, 0, 0, 0, 0, 0, 0, 0, 0, 0, 0, 0, 0, 0, 0, 0, 0, 0, 0, 0, 0, 0,
       0, 0, 0, 0, 0, 0, 0, 0, 0, 0, 0, 0, 0, 0, 0, 0, 0, 0, 0, 0, 0, 0,
       0, 0, 0, 0, 0, 0, 0, 0, 0, 0, 0, 0, 0, 0, 0, 0, 0, 0, 0, 0, 0, 0,
       0, 0, 0, 0, 0, 0, 0, 0, 0, 0, 0, 0, 0, 0, 0, 0, 0, 0, 0, 0, 0, 0,
       0, 0, 0, 0, 0, 0, 0, 0, 0, 0, 0, 0, 0, 0, 0, 0, 0, 0, 0, 0, 0, 0,
       0, 0, 0, 0, 0, 0, 0, 0, 0, 0, 0, 0, 0, 0, 0, 0, 0, 0, 0, 0, 0, 0,
       0, 0, 0, 0, 0, 0, 0, 0, 0, 0, 0, 0, 0, 0, 0, 0, 0, 0, 0, 0, 0, 0,
       0, 0, 0, 0, 0, 0, 0, 0, 0, 0, 0, 0, 0, 0, 0, 0, 0, 0, 0, 0, 0, 0,
       0, 0, 0, 0, 0, 0, 0, 0, 0, 0, 0, 0, 0, 0, 0, 0, 0, 0, 0, 0, 0, 0,
       0, 0, 0, 0, 0, 0, 0, 0, 0, 0, 0, 0, 0, 0, 0, 0, 0, 0, 0, 0, 0, 0,
       0, 0, 0, 0, 0, 0, 0, 0, 0, 0, 0, 0, 0, 0, 0, 0, 0, 0, 0, 0, 0, 0,
       0, 0, 0, 0, 0, 0, 0, 0, 0, 0, 0, 0, 0, 0, 0, 0, 0, 0, 0, 0, 0, 0,
       0, 0, 0, 0, 0, 0, 0, 0, 0, 0, 0, 0, 0, 0, 0, 0, 0, 0, 0, 0, 0, 0,
       0, 0, 0, 0, 0, 0, 0, 0, 0, 0, 0, 0, 0, 0, 0, 0, 0, 0, 0, 0, 0, 0,
       0, 0, 0, 0, 0, 0, 0, 0, 0, 0, 0, 0, 0, 0, 0, 0, 0, 0, 0, 0, 0, 0,
       0, 0, 0, 0, 0, 0, 0, 0, 0, 0, 0, 0, 0, 0, 0, 0, 0, 0, 0, 0, 0, 0,
       0, 0, 0, 0, 0, 0, 0, 0, 0, 0, 0, 0, 0, 0, 0, 0, 0, 0, 0, 0, 0, 0,
       0, 0, 0, 0, 0, 0, 0, 0, 0, 0, 0, 0, 0, 0, 0, 0, 0, 0, 0, 0, 0, 0,
       0, 0, 0, 0, 0, 0, 0, 0, 0, 0, 0, 0, 0, 0, 0, 0, 0, 0, 0, 0, 0, 0,
       0, 0, 0, 0, 0, 0, 0, 0, 0, 0, 0, 0, 0, 0, 0, 0, 0, 0, 0, 0, 0, 0,
       0, 0, 0, 0, 0, 0, 0, 0, 0, 0, 0, 0, 0, 0, 0, 0, 0, 0, 0, 0, 0, 0,
       0, 0, 0, 0, 0, 0, 0, 0, 0, 0, 0, 0, 0, 0, 0, 0, 0, 0, 0, 0, 0, 0,
       0, 0, 0, 0, 0, 0, 0, 0, 0, 0, 0, 0, 0, 0, 0, 0, 0, 0, 0, 0, 0, 0,
       0, 0, 0, 0, 0, 0, 0, 0, 0, 0, 0, 0, 0, 0, 0, 0, 0, 0, 0, 0, 0, 0,
       0, 0, 0, 0, 0, 0, 0, 0, 0, 0, 0, 0, 0, 0, 0, 0, 0, 0, 0, 0, 0, 0,
       0, 0, 0, 0, 0, 0, 0, 0, 0, 0, 0, 0, 0, 0, 0, 0, 0, 0, 0, 0, 0, 0,
       0, 0, 0, 0, 0, 0, 0, 0, 0, 0, 0, 0, 0, 0, 0, 0, 0, 0, 0, 0, 0, 0,
       0, 0, 0, 0, 0, 0, 0, 0, 0, 0, 0, 0, 0, 0, 0, 0, 0, 0, 0, 0, 0, 0,
       0, 0, 0, 0, 0, 0, 0, 0, 0, 0, 0, 0, 0, 0, 0, 0, 0, 0, 0, 0, 0, 0,
       0, 0, 0, 0, 0, 0, 0, 0, 0, 0, 0, 0, 0, 0, 0, 0, 0, 0, 0, 0, 0, 0,
       0, 0, 0, 0, 0, 0, 0, 0, 0, 0, 0, 0, 0, 0, 0, 0, 0, 0, 0, 0, 0, 0,
       0, 0, 0, 0, 0, 0, 0, 0, 0, 0, 0, 0, 0, 0, 0, 0, 0, 0, 0, 0, 0, 0,
       0, 0, 0, 0, 0, 0, 0, 0, 0, 0, 0, 0, 0, 0, 0, 0, 0, 0, 0, 0, 0, 0,
       0, 0, 0, 0, 0, 0, 0, 0, 0, 0, 0, 0, 0, 0, 0, 0, 0, 0, 0, 0, 0, 0,
       0, 0, 0, 0, 0, 0, 0, 0, 0, 0, 0, 0, 0, 0, 0, 0, 0, 0, 0, 0, 0, 0,
       0, 0, 0, 0, 0, 0, 0, 0, 0, 0, 0, 0, 0, 0, 0, 0, 0, 0, 0, 0, 0, 0,
       0, 0, 0, 0, 0, 0, 0, 0, 0, 0, 0, 0, 0, 0, 0, 0, 0, 0, 0, 0, 0, 0,
       0, 0, 0, 0, 0, 0, 0, 0, 0, 0, 0, 0, 0, 0, 0, 0, 0, 0, 0, 0, 0, 0,
       0, 0, 0, 0, 0, 0, 0, 0, 0, 0, 0, 0, 0, 0, 0, 0, 0, 0, 0, 0, 0, 0,
       0, 0, 0, 0, 0, 0, 0, 0, 0, 0, 0, 0, 0, 0, 0, 0, 0, 0, 0, 0, 0, 0,
       0, 0, 0, 0, 0, 0, 0, 0, 0, 0, 0, 0, 0, 0, 0, 0, 0, 0, 0, 0, 0, 0,
       0, 0, 0, 0, 0, 0, 0, 0, 0, 0, 0, 0, 0, 0, 0, 0, 0, 0, 0, 0, 0, 0,
       0, 0, 0, 0, 0, 0, 0, 0, 0, 0, 0, 0, 0, 0, 0, 0, 0, 0, 0, 0, 0, 0,
       0, 0, 0, 0, 0, 0, 0, 0, 0, 0, 0, 0, 0, 0, 0, 0, 0, 0, 0, 0, 0, 0,
       0, 0, 0, 0, 0, 0, 0, 0, 0, 0, 0, 0, 0, 0, 0, 0, 0, 0, 0, 0, 0, 0,
       0, 0, 0, 0, 0, 0, 0, 0, 0, 0, 0, 0, 0, 0, 0, 0, 0, 0, 0, 0, 0, 0,
       0, 0, 0, 0, 0, 0, 0, 0, 0, 0, 0, 0, 0, 0, 0, 0, 0, 0, 0, 0, 0, 0,
       0, 0, 0, 0, 0, 0, 0, 0, 0, 0, 0, 0, 0, 0, 0, 0, 0, 0, 0, 0, 0, 0,
       0, 0, 0, 0, 0, 0, 0, 0, 0, 0, 0, 0, 0, 0, 0, 0, 0, 0, 0, 0, 0, 0,
       0, 0, 0, 0, 0, 0, 0, 0, 0, 0, 0, 0, 0, 0, 0, 0, 0, 0, 0, 0, 0, 0,
       0, 0, 0, 0, 0, 0, 0, 0, 0, 0, 0, 0, 0, 0, 0, 0, 0, 0, 0, 0, 0, 0,
       0, 0, 0, 0, 0, 0, 0, 0, 0, 0, 0, 0, 0, 0, 0, 0, 0, 0, 0, 0, 0, 0,
       0, 0, 0, 0, 0, 0, 0, 0, 0, 0, 0, 0, 0, 0, 0, 0, 0, 0, 0, 0, 0, 0,
       0, 0, 0, 0, 0, 0, 0, 0, 0, 0, 0, 0, 0, 0, 0, 0, 0, 0, 0, 0, 0, 0,
       0, 0, 0, 0, 0, 0, 0, 0, 0, 0, 0, 0, 0, 0, 0, 0, 0, 0, 0, 0, 0, 0,
       0, 0, 0, 0, 0, 0, 0, 0, 0, 0, 0, 0, 0, 0, 0, 0, 0, 0, 0, 0, 0, 0,
       0, 0, 0, 0, 0, 0, 0, 0, 0, 0, 0, 0, 0, 0, 0, 0, 0, 0, 0, 0, 0, 0,
       0, 0, 0, 0, 0, 0, 0, 0, 0, 0, 0, 0, 0, 0, 0, 0, 0, 0, 0, 0, 0, 0,
       0, 0, 0, 0, 0, 0, 0, 0, 0, 0, 0, 0, 0, 0, 0, 0, 0, 0, 0, 0, 0, 0,
       0, 0, 0, 0, 0, 0, 0, 0, 0, 0, 0, 0, 0, 0, 0, 0, 0, 0, 0, 0, 0, 0,
       0, 0, 0, 0, 0, 0, 0, 0, 0, 0, 0, 0, 0, 0, 0, 0, 0, 0, 0, 0, 0, 0,
       0, 0, 0, 0, 0, 0, 0, 0, 0, 0, 0, 0, 0, 0, 0, 0, 0, 0, 0, 0, 0, 0,
       0, 0, 0, 0, 0, 0, 0, 0, 0, 0, 0, 0, 0, 0, 0, 0, 0, 0, 0, 0, 0, 0,
       0, 0, 0, 0, 0, 0, 0, 0, 0, 0, 0, 0, 0, 0, 0, 0, 0, 0, 0, 0, 0, 0,
       0, 0, 0, 0, 0, 0, 0, 0, 0, 0, 0, 0, 0, 0, 0, 0, 0, 0, 0, 0, 0, 0,
       0, 0, 0, 0, 0, 0, 0, 0, 0, 0, 0, 0, 0, 0, 0, 0, 0, 0, 0, 0, 0, 0,
       0, 0, 0, 0, 0, 0, 0, 0, 0, 0, 0, 0, 0, 0, 0, 0, 0, 0, 0, 0, 0, 0,
       0, 0, 0, 0, 0, 0, 0, 0, 0, 0, 0, 0, 0, 0, 0, 0, 0, 0, 0, 0, 0, 0,
       0, 0, 0, 0, 0, 0, 0, 0, 0, 0, 0, 0, 0, 0, 0, 0, 0, 0, 0, 0, 0, 0,
       0, 0, 0, 0, 0, 0, 0, 0, 0, 0, 0, 0, 0, 0, 0, 0, 0, 0, 0, 0, 0, 0,
       0, 0, 0, 0, 0, 0, 0, 0, 0, 0, 0, 0, 0, 0, 0, 0, 0, 0, 0, 0, 0, 0,
       0, 0, 0, 0, 0, 0, 0, 0, 0, 0, 0, 0, 0, 0, 0, 0, 0, 0, 0, 0, 0, 0,
       0, 0, 0, 0, 0, 0, 0, 0, 0, 0, 0, 0, 0, 0, 0, 0, 0, 0, 0, 0, 0, 0,
       0, 0, 0, 0, 0, 0, 0, 0, 0, 0, 0, 0, 0, 0, 0, 0, 0, 0, 0, 0, 0, 0,
       0, 0, 0, 0, 0, 0, 0, 0, 0, 0, 0, 0, 0, 0, 0, 0, 0, 0, 0, 0, 0, 0,
       0, 0, 0, 0, 0, 0, 0, 0, 0, 0, 0, 0, 0, 0, 0, 0, 0, 0, 0, 0, 0, 0,
       0, 0, 0, 0, 0, 0, 0, 0, 0, 0, 0, 0, 0, 0, 0, 0, 0, 0, 0, 0, 0, 0,
       0, 0, 0, 0, 0, 0, 0, 0, 0, 0, 0, 0, 0, 0, 0, 0, 0, 0, 0, 0, 0, 0,
       0, 0, 0, 0, 0, 0, 0, 0, 0, 0, 0, 0, 0, 0, 0, 0, 0, 0, 0, 0, 0, 0,
       0, 0, 0, 0, 0, 0, 0, 0, 0, 0, 0, 0, 0, 0, 0, 0, 0, 0, 0, 0, 0, 0,
       0, 0, 0, 0, 0, 0, 0 ]
   cat_count: !!opencv-matrix
      rows: 1
      cols: 1
      dt: i
      data: [ 2 ]
   cat_map: !!opencv-matrix
      rows: 1
      cols: 2
      dt: i
      data: [ -1, 1 ]
   trees:
      -
         best_tree_idx: -1
         nodes:
            -
               depth: 0
               sample_count: 60000
               value: -1.0333957056176515e+00
               norm_class_idx: 0
               Tn: 0
               complexity: 0
               alpha: 0.
               node_risk: 0.
               tree_risk: 0.
               tree_error: 0.
               splits:
                  - { var:5485, quality:9.5101833343505859e-01,
                      le:5.5136596783995628e-03 }
            -
               depth: 1
               sample_count: 6342
               value: 1.1585333604672743e+00
               norm_class_idx: 1
               Tn: 0
               complexity: 0
               alpha: 0.
               node_risk: 0.
               tree_risk: 0.
               tree_error: 0.
            -
               depth: 1
               sample_count: 53658
               value: -1.9979486860994884e+00
               norm_class_idx: 0
               Tn: 0
               complexity: 0
               alpha: 0.
               node_risk: 0.
               tree_risk: 0.
               tree_error: 0.
      -
         best_tree_idx: -1
         nodes:
            -
               depth: 0
               sample_count: 60000
               value: -5.8308913253347220e-13
               norm_class_idx: 0
               Tn: 0
               complexity: 0
               alpha: 0.
               node_risk: 0.
               tree_risk: 0.
               tree_error: 0.
               splits:
                  - { var:7738, quality:7.7171337604522705e-01,
                      le:2.0121977286180481e-05 }
            -
               depth: 1
               sample_count: 14367
               value: 7.8500593752649439e-01
               norm_class_idx: 1
               Tn: 0
               complexity: 0
               alpha: 0.
               node_risk: 0.
               tree_risk: 0.
               tree_error: 0.
            -
               depth: 1
               sample_count: 45633
               value: -1.1847290916372701e+00
               norm_class_idx: 0
               Tn: 0
               complexity: 0
               alpha: 0.
               node_risk: 0.
               tree_risk: 0.
               tree_error: 0.
      -
         best_tree_idx: -1
         nodes:
            -
               depth: 0
               sample_count: 60000
               value: -1.8646195698582980e-13
               norm_class_idx: 0
               Tn: 0
               complexity: 0
               alpha: 0.
               node_risk: 0.
               tree_risk: 0.
               tree_error: 0.
               splits:
                  - { var:3055, quality:7.2533255815505981e-01,
                      le:7.2691008448600769e-02 }
            -
               depth: 1
               sample_count: 15017
               value: 8.1828563716081282e-01
               norm_class_idx: 1
               Tn: 0
               complexity: 0
               alpha: 0.
               node_risk: 0.
               tree_risk: 0.
               tree_error: 0.
            -
               depth: 1
               sample_count: 44983
               value: -8.0804059147135310e-01
               norm_class_idx: 0
               Tn: 0
               complexity: 0
               alpha: 0.
               node_risk: 0.
               tree_risk: 0.
               tree_error: 0.
      -
         best_tree_idx: -1
         nodes:
            -
               depth: 0
               sample_count: 60000
               value: 4.4408920984986541e-13
               norm_class_idx: 1
               Tn: 0
               complexity: 0
               alpha: 0.
               node_risk: 0.
               tree_risk: 0.
               tree_error: 0.
               splits:
                  - { var:3258, quality:6.6347324848175049e-01,
                      le:1.2841415405273438e-01 }
            -
               depth: 1
               sample_count: 45357
               value: -6.1432920154082660e-01
               norm_class_idx: 0
               Tn: 0
               complexity: 0
               alpha: 0.
               node_risk: 0.
               tree_risk: 0.
               tree_error: 0.
            -
               depth: 1
               sample_count: 14643
               value: 6.8928994941492128e-01
               norm_class_idx: 1
               Tn: 0
               complexity: 0
               alpha: 0.
               node_risk: 0.
               tree_risk: 0.
               tree_error: 0.
      -
         best_tree_idx: -1
         nodes:
            -
               depth: 0
               sample_count: 28239
               value: 4.5638963477007827e-02
               norm_class_idx: 1
               Tn: 0
               complexity: 0
               alpha: 0.
               node_risk: 0.
               tree_risk: 0.
               tree_error: 0.
               splits:
                  - { var:944, quality:5.9794527292251587e-01,
                      le:6.3259482383728027e-02 }
            -
               depth: 1
               sample_count: 15341
               value: 3.8450010417078112e-01
               norm_class_idx: 1
               Tn: 0
               complexity: 0
               alpha: 0.
               node_risk: 0.
               tree_risk: 0.
               tree_error: 0.
            -
               depth: 1
               sample_count: 12898
               value: -9.2460822198511616e-01
               norm_class_idx: 0
               Tn: 0
               complexity: 0
               alpha: 0.
               node_risk: 0.
               tree_risk: 0.
               tree_error: 0.
      -
         best_tree_idx: -1
         nodes:
            -
               depth: 0
               sample_count: 31702
               value: -8.5144282460615020e-03
               norm_class_idx: 0
               Tn: 0
               complexity: 0
               alpha: 0.
               node_risk: 0.
               tree_risk: 0.
               tree_error: 0.
               splits:
                  - { var:3298, quality:5.9323555231094360e-01,
                      le:2.3122006654739380e-01 }
            -
               depth: 1
               sample_count: 12836
               value: 3.1972378907980664e-01
               norm_class_idx: 1
               Tn: 0
               complexity: 0
               alpha: 0.
               node_risk: 0.
               tree_risk: 0.
               tree_error: 0.
            -
               depth: 1
               sample_count: 18866
               value: -8.7458152450073712e-01
               norm_class_idx: 0
               Tn: 0
               complexity: 0
               alpha: 0.
               node_risk: 0.
               tree_risk: 0.
               tree_error: 0.
      -
         best_tree_idx: -1
         nodes:
            -
               depth: 0
               sample_count: 21133
               value: -1.9654748754907761e-02
               norm_class_idx: 0
               Tn: 0
               complexity: 0
               alpha: 0.
               node_risk: 0.
               tree_risk: 0.
               tree_error: 0.
               splits:
                  - { var:5485, quality:5.9044039249420166e-01,
                      le:5.4851183667778969e-03 }
            -
               depth: 1
               sample_count: 1541
               value: -1.2310011019899245e+00
               norm_class_idx: 0
               Tn: 0
               complexity: 0
               alpha: 0.
               node_risk: 0.
               tree_risk: 0.
               tree_error: 0.
            -
               depth: 1
               sample_count: 19592
               value: 2.6608071052874305e-01
               norm_class_idx: 1
               Tn: 0
               complexity: 0
               alpha: 0.
               node_risk: 0.
               tree_risk: 0.
               tree_error: 0.
      -
         best_tree_idx: -1
         nodes:
            -
               depth: 0
               sample_count: 25921
               value: 5.4397012863832840e-02
               norm_class_idx: 1
               Tn: 0
               complexity: 0
               alpha: 0.
               node_risk: 0.
               tree_risk: 0.
               tree_error: 0.
               splits:
                  - { var:5099, quality:6.0786032676696777e-01,
                      le:8.8573899120092392e-03 }
            -
               depth: 1
               sample_count: 11531
               value: 4.4082082528856187e-01
               norm_class_idx: 1
               Tn: 0
               complexity: 0
               alpha: 0.
               node_risk: 0.
               tree_risk: 0.
               tree_error: 0.
            -
               depth: 1
               sample_count: 14390
               value: -8.1346295713100303e-01
               norm_class_idx: 0
               Tn: 0
               complexity: 0
               alpha: 0.
               node_risk: 0.
               tree_risk: 0.
               tree_error: 0.
      -
         best_tree_idx: -1
         nodes:
            -
               depth: 0
               sample_count: 19956
               value: 1.7095205342169656e-02
               norm_class_idx: 1
               Tn: 0
               complexity: 0
               alpha: 0.
               node_risk: 0.
               tree_risk: 0.
               tree_error: 0.
               splits:
                  - { var:995, quality:5.7609373331069946e-01,
                      le:2.2659340174868703e-04 }
            -
               depth: 1
               sample_count: 8992
               value: 7.1199931873325417e-01
               norm_class_idx: 1
               Tn: 0
               complexity: 0
               alpha: 0.
               node_risk: 0.
               tree_risk: 0.
               tree_error: 0.
            -
               depth: 1
               sample_count: 10964
               value: -3.3603644152094797e-01
               norm_class_idx: 0
               Tn: 0
               complexity: 0
               alpha: 0.
               node_risk: 0.
               tree_risk: 0.
               tree_error: 0.
      -
         best_tree_idx: -1
         nodes:
            -
               depth: 0
               sample_count: 18284
               value: 5.6308556591519177e-03
               norm_class_idx: 1
               Tn: 0
               complexity: 0
               alpha: 0.
               node_risk: 0.
               tree_risk: 0.
               tree_error: 0.
               splits:
                  - { var:5284, quality:5.5513834953308105e-01,
                      le:2.3610459268093109e-01 }
            -
               depth: 1
               sample_count: 11899
               value: 2.4686949777069275e-01
               norm_class_idx: 1
               Tn: 0
               complexity: 0
               alpha: 0.
               node_risk: 0.
               tree_risk: 0.
               tree_error: 0.
            -
               depth: 1
               sample_count: 6385
               value: -8.0336295430151361e-01
               norm_class_idx: 0
               Tn: 0
               complexity: 0
               alpha: 0.
               node_risk: 0.
               tree_risk: 0.
               tree_error: 0.
      -
         best_tree_idx: -1
         nodes:
            -
               depth: 0
               sample_count: 17933
               value: -2.5648744826472716e-04
               norm_class_idx: 0
               Tn: 0
               complexity: 0
               alpha: 0.
               node_risk: 0.
               tree_risk: 0.
               tree_error: 0.
               splits:
                  - { var:1623, quality:5.3763085603713989e-01,
                      le:1.2995933648198843e-03 }
            -
               depth: 1
               sample_count: 9138
               value: 3.4656170042536816e-01
               norm_class_idx: 1
               Tn: 0
               complexity: 0
               alpha: 0.
               node_risk: 0.
               tree_risk: 0.
               tree_error: 0.
            -
               depth: 1
               sample_count: 8795
               value: -3.7406534285204796e-01
               norm_class_idx: 0
               Tn: 0
               complexity: 0
               alpha: 0.
               node_risk: 0.
               tree_risk: 0.
               tree_error: 0.
      -
         best_tree_idx: -1
         nodes:
            -
               depth: 0
               sample_count: 13625
               value: -1.3371136371843187e-02
               norm_class_idx: 0
               Tn: 0
               complexity: 0
               alpha: 0.
               node_risk: 0.
               tree_risk: 0.
               tree_error: 0.
               splits:
                  - { var:3626, quality:5.4967749118804932e-01,
                      le:2.8294873237609863e-01 }
            -
               depth: 1
               sample_count: 11705
               value: -2.6796036351291497e-01
               norm_class_idx: 0
               Tn: 0
               complexity: 0
               alpha: 0.
               node_risk: 0.
               tree_risk: 0.
               tree_error: 0.
            -
               depth: 1
               sample_count: 1920
               value: 7.1220287424512796e-01
               norm_class_idx: 1
               Tn: 0
               complexity: 0
               alpha: 0.
               node_risk: 0.
               tree_risk: 0.
               tree_error: 0.
      -
         best_tree_idx: -1
         nodes:
            -
               depth: 0
               sample_count: 13430
               value: 1.4806541369775328e-02
               norm_class_idx: 1
               Tn: 0
               complexity: 0
               alpha: 0.
               node_risk: 0.
               tree_risk: 0.
               tree_error: 0.
               splits:
                  - { var:7873, quality:5.2952855825424194e-01,
                      le:7.5141375418752432e-05 }
            -
               depth: 1
               sample_count: 9642
               value: -1.9142540031434085e-01
               norm_class_idx: 0
               Tn: 0
               complexity: 0
               alpha: 0.
               node_risk: 0.
               tree_risk: 0.
               tree_error: 0.
            -
               depth: 1
               sample_count: 3788
               value: 6.0865735175734315e-01
               norm_class_idx: 1
               Tn: 0
               complexity: 0
               alpha: 0.
               node_risk: 0.
               tree_risk: 0.
               tree_error: 0.
      -
         best_tree_idx: -1
         nodes:
            -
               depth: 0
               sample_count: 17185
               value: -2.6532253144289628e-02
               norm_class_idx: 0
               Tn: 0
               complexity: 0
               alpha: 0.
               node_risk: 0.
               tree_risk: 0.
               tree_error: 0.
               splits:
                  - { var:6031, quality:5.3352087736129761e-01,
                      le:2.5590777397155762e-01 }
            -
               depth: 1
               sample_count: 12654
               value: -2.8269294526197059e-01
               norm_class_idx: 0
               Tn: 0
               complexity: 0
               alpha: 0.
               node_risk: 0.
               tree_risk: 0.
               tree_error: 0.
            -
               depth: 1
               sample_count: 4531
               value: 4.9898552499180765e-01
               norm_class_idx: 1
               Tn: 0
               complexity: 0
               alpha: 0.
               node_risk: 0.
               tree_risk: 0.
               tree_error: 0.
      -
         best_tree_idx: -1
         nodes:
            -
               depth: 0
               sample_count: 16773
               value: -8.1833001659927674e-03
               norm_class_idx: 0
               Tn: 0
               complexity: 0
               alpha: 0.
               node_risk: 0.
               tree_risk: 0.
               tree_error: 0.
               splits:
                  - { var:3591, quality:5.3186553716659546e-01,
                      le:2.9092773795127869e-01 }
            -
               depth: 1
               sample_count: 11413
               value: -2.9132571086890940e-01
               norm_class_idx: 0
               Tn: 0
               complexity: 0
               alpha: 0.
               node_risk: 0.
               tree_risk: 0.
               tree_error: 0.
            -
               depth: 1
               sample_count: 5360
               value: 4.3929207535525644e-01
               norm_class_idx: 1
               Tn: 0
               complexity: 0
               alpha: 0.
               node_risk: 0.
               tree_risk: 0.
               tree_error: 0.
      -
         best_tree_idx: -1
         nodes:
            -
               depth: 0
               sample_count: 14576
               value: 1.3163986230547191e-02
               norm_class_idx: 1
               Tn: 0
               complexity: 0
               alpha: 0.
               node_risk: 0.
               tree_risk: 0.
               tree_error: 0.
               splits:
                  - { var:6124, quality:5.1848804950714111e-01,
                      le:1.8670733273029327e-01 }
            -
               depth: 1
               sample_count: 11289
               value: 1.1507921092203569e-01
               norm_class_idx: 1
               Tn: 0
               complexity: 0
               alpha: 0.
               node_risk: 0.
               tree_risk: 0.
               tree_error: 0.
            -
               depth: 1
               sample_count: 3287
               value: -1.3909735480469769e+00
               norm_class_idx: 0
               Tn: 0
               complexity: 0
               alpha: 0.
               node_risk: 0.
               tree_risk: 0.
               tree_error: 0.
      -
         best_tree_idx: -1
         nodes:
            -
               depth: 0
               sample_count: 11707
               value: -5.9227244839648802e-03
               norm_class_idx: 0
               Tn: 0
               complexity: 0
               alpha: 0.
               node_risk: 0.
               tree_risk: 0.
               tree_error: 0.
               splits:
                  - { var:91, quality:5.1418870687484741e-01,
                      le:1.5701672434806824e-01 }
            -
               depth: 1
               sample_count: 4441
               value: 3.0837258999320205e-01
               norm_class_idx: 1
               Tn: 0
               complexity: 0
               alpha: 0.
               node_risk: 0.
               tree_risk: 0.
               tree_error: 0.
            -
               depth: 1
               sample_count: 7266
               value: -2.7999263924252554e-01
               norm_class_idx: 0
               Tn: 0
               complexity: 0
               alpha: 0.
               node_risk: 0.
               tree_risk: 0.
               tree_error: 0.
      -
         best_tree_idx: -1
         nodes:
            -
               depth: 0
               sample_count: 10991
               value: 3.9779446801989186e-03
               norm_class_idx: 1
               Tn: 0
               complexity: 0
               alpha: 0.
               node_risk: 0.
               tree_risk: 0.
               tree_error: 0.
               splits:
                  - { var:1120, quality:5.1321738958358765e-01,
                      le:5.4001346230506897e-02 }
            -
               depth: 1
               sample_count: 7771
               value: 1.7905863476031098e-01
               norm_class_idx: 1
               Tn: 0
               complexity: 0
               alpha: 0.
               node_risk: 0.
               tree_risk: 0.
               tree_error: 0.
            -
               depth: 1
               sample_count: 3220
               value: -4.9776082094364194e-01
               norm_class_idx: 0
               Tn: 0
               complexity: 0
               alpha: 0.
               node_risk: 0.
               tree_risk: 0.
               tree_error: 0.
      -
         best_tree_idx: -1
         nodes:
            -
               depth: 0
               sample_count: 11221
               value: -4.2063290475952021e-03
               norm_class_idx: 0
               Tn: 0
               complexity: 0
               alpha: 0.
               node_risk: 0.
               tree_risk: 0.
               tree_error: 0.
               splits:
                  - { var:6841, quality:5.2701187133789062e-01,
                      le:2.8576720505952835e-02 }
            -
               depth: 1
               sample_count: 681
               value: 9.7744622410792659e-01
               norm_class_idx: 1
               Tn: 0
               complexity: 0
               alpha: 0.
               node_risk: 0.
               tree_risk: 0.
               tree_error: 0.
            -
               depth: 1
               sample_count: 10540
               value: -1.4573998344809616e-01
               norm_class_idx: 0
               Tn: 0
               complexity: 0
               alpha: 0.
               node_risk: 0.
               tree_risk: 0.
               tree_error: 0.
      -
         best_tree_idx: -1
         nodes:
            -
               depth: 0
               sample_count: 10764
               value: 1.2950868710473059e-03
               norm_class_idx: 1
               Tn: 0
               complexity: 0
               alpha: 0.
               node_risk: 0.
               tree_risk: 0.
               tree_error: 0.
               splits:
                  - { var:4758, quality:5.2781921625137329e-01,
                      le:3.8622118532657623e-02 }
            -
               depth: 1
               sample_count: 6052
               value: 2.3925606287119447e-01
               norm_class_idx: 1
               Tn: 0
               complexity: 0
               alpha: 0.
               node_risk: 0.
               tree_risk: 0.
               tree_error: 0.
            -
               depth: 1
               sample_count: 4712
               value: -5.1565488473656795e-01
               norm_class_idx: 0
               Tn: 0
               complexity: 0
               alpha: 0.
               node_risk: 0.
               tree_risk: 0.
               tree_error: 0.
      -
         best_tree_idx: -1
         nodes:
            -
               depth: 0
               sample_count: 9761
               value: 2.6512555868040345e-03
               norm_class_idx: 1
               Tn: 0
               complexity: 0
               alpha: 0.
               node_risk: 0.
               tree_risk: 0.
               tree_error: 0.
               splits:
                  - { var:6995, quality:5.1590359210968018e-01,
                      le:3.1627532839775085e-01 }
            -
               depth: 1
               sample_count: 7435
               value: 1.5229348961869527e-01
               norm_class_idx: 1
               Tn: 0
               complexity: 0
               alpha: 0.
               node_risk: 0.
               tree_risk: 0.
               tree_error: 0.
            -
               depth: 1
               sample_count: 2326
               value: -6.5757328231810552e-01
               norm_class_idx: 0
               Tn: 0
               complexity: 0
               alpha: 0.
               node_risk: 0.
               tree_risk: 0.
               tree_error: 0.
      -
         best_tree_idx: -1
         nodes:
            -
               depth: 0
               sample_count: 9584
               value: -1.9430165368888987e-03
               norm_class_idx: 0
               Tn: 0
               complexity: 0
               alpha: 0.
               node_risk: 0.
               tree_risk: 0.
               tree_error: 0.
               splits:
                  - { var:5355, quality:5.1153004169464111e-01,
                      le:3.0475270748138428e-01 }
            -
               depth: 1
               sample_count: 8318
               value: 1.0278314103303471e-01
               norm_class_idx: 1
               Tn: 0
               complexity: 0
               alpha: 0.
               node_risk: 0.
               tree_risk: 0.
               tree_error: 0.
            -
               depth: 1
               sample_count: 1266
               value: -9.4700715586053630e-01
               norm_class_idx: 0
               Tn: 0
               complexity: 0
               alpha: 0.
               node_risk: 0.
               tree_risk: 0.
               tree_error: 0.
      -
         best_tree_idx: -1
         nodes:
            -
               depth: 0
               sample_count: 10068
               value: -2.1816746784716870e-03
               norm_class_idx: 0
               Tn: 0
               complexity: 0
               alpha: 0.
               node_risk: 0.
               tree_risk: 0.
               tree_error: 0.
               splits:
                  - { var:262, quality:5.1051437854766846e-01,
                      le:1.3399009406566620e-01 }
            -
               depth: 1
               sample_count: 7329
               value: 1.2608616914701640e-01
               norm_class_idx: 1
               Tn: 0
               complexity: 0
               alpha: 0.
               node_risk: 0.
               tree_risk: 0.
               tree_error: 0.
            -
               depth: 1
               sample_count: 2739
               value: -6.7435446905594043e-01
               norm_class_idx: 0
               Tn: 0
               complexity: 0
               alpha: 0.
               node_risk: 0.
               tree_risk: 0.
               tree_error: 0.
      -
         best_tree_idx: -1
         nodes:
            -
               depth: 0
               sample_count: 9716
               value: -8.4607414131388062e-05
               norm_class_idx: 0
               Tn: 0
               complexity: 0
               alpha: 0.
               node_risk: 0.
               tree_risk: 0.
               tree_error: 0.
               splits:
                  - { var:4480, quality:5.0964921712875366e-01,
                      le:2.3104143328964710e-03 }
            -
               depth: 1
               sample_count: 2666
               value: 4.3927615965589023e-01
               norm_class_idx: 1
               Tn: 0
               complexity: 0
               alpha: 0.
               node_risk: 0.
               tree_risk: 0.
               tree_error: 0.
            -
               depth: 1
               sample_count: 7050
               value: -1.7853893811041399e-01
               norm_class_idx: 0
               Tn: 0
               complexity: 0
               alpha: 0.
               node_risk: 0.
               tree_risk: 0.
               tree_error: 0.
      -
         best_tree_idx: -1
         nodes:
            -
               depth: 0
               sample_count: 9213
               value: 2.9194666028176266e-04
               norm_class_idx: 1
               Tn: 0
               complexity: 0
               alpha: 0.
               node_risk: 0.
               tree_risk: 0.
               tree_error: 0.
               splits:
                  - { var:5132, quality:5.0503039360046387e-01,
                      le:2.0902536809444427e-02 }
            -
               depth: 1
               sample_count: 1774
               value: 3.9478356714389412e-01
               norm_class_idx: 1
               Tn: 0
               complexity: 0
               alpha: 0.
               node_risk: 0.
               tree_risk: 0.
               tree_error: 0.
            -
               depth: 1
               sample_count: 7439
               value: -1.6909992549110855e-01
               norm_class_idx: 0
               Tn: 0
               complexity: 0
               alpha: 0.
               node_risk: 0.
               tree_risk: 0.
               tree_error: 0.
      -
         best_tree_idx: -1
         nodes:
            -
               depth: 0
               sample_count: 8598
               value: 9.0165489642207188e-04
               norm_class_idx: 1
               Tn: 0
               complexity: 0
               alpha: 0.
               node_risk: 0.
               tree_risk: 0.
               tree_error: 0.
               splits:
                  - { var:6481, quality:5.2062910795211792e-01,
                      le:1.9426058977842331e-02 }
            -
               depth: 1
               sample_count: 1890
               value: -8.3194755365519157e-01
               norm_class_idx: 0
               Tn: 0
               complexity: 0
               alpha: 0.
               node_risk: 0.
               tree_risk: 0.
               tree_error: 0.
            -
               depth: 1
               sample_count: 6708
               value: 1.4261147750732714e-01
               norm_class_idx: 1
               Tn: 0
               complexity: 0
               alpha: 0.
               node_risk: 0.
               tree_risk: 0.
               tree_error: 0.
      -
         best_tree_idx: -1
         nodes:
            -
               depth: 0
               sample_count: 8148
               value: 2.3808925814770500e-03
               norm_class_idx: 1
               Tn: 0
               complexity: 0
               alpha: 0.
               node_risk: 0.
               tree_risk: 0.
               tree_error: 0.
               splits:
                  - { var:1591, quality:5.1050609350204468e-01,
                      le:5.2002567797899246e-02 }
            -
               depth: 1
               sample_count: 5099
               value: 1.6751399846004753e-01
               norm_class_idx: 1
               Tn: 0
               complexity: 0
               alpha: 0.
               node_risk: 0.
               tree_risk: 0.
               tree_error: 0.
            -
               depth: 1
               sample_count: 3049
               value: -4.8476217119608550e-01
               norm_class_idx: 0
               Tn: 0
               complexity: 0
               alpha: 0.
               node_risk: 0.
               tree_risk: 0.
               tree_error: 0.
      -
         best_tree_idx: -1
         nodes:
            -
               depth: 0
               sample_count: 7172
               value: 2.6850236108975647e-03
               norm_class_idx: 1
               Tn: 0
               complexity: 0
               alpha: 0.
               node_risk: 0.
               tree_risk: 0.
               tree_error: 0.
               splits:
                  - { var:5263, quality:5.0690042972564697e-01,
                      le:2.8750789165496826e-01 }
            -
               depth: 1
               sample_count: 6980
               value: -7.1911316914200274e-02
               norm_class_idx: 0
               Tn: 0
               complexity: 0
               alpha: 0.
               node_risk: 0.
               tree_risk: 0.
               tree_error: 0.
            -
               depth: 1
               sample_count: 192
               value: 1.4962874036818770e+00
               norm_class_idx: 1
               Tn: 0
               complexity: 0
               alpha: 0.
               node_risk: 0.
               tree_risk: 0.
               tree_error: 0.
      -
         best_tree_idx: -1
         nodes:
            -
               depth: 0
               sample_count: 7193
               value: -9.0782665111826004e-04
               norm_class_idx: 0
               Tn: 0
               complexity: 0
               alpha: 0.
               node_risk: 0.
               tree_risk: 0.
               tree_error: 0.
               splits:
                  - { var:2704, quality:5.0578707456588745e-01,
                      le:2.4653948843479156e-02 }
            -
               depth: 1
               sample_count: 3091
               value: 2.5329932036217334e-01
               norm_class_idx: 1
               Tn: 0
               complexity: 0
               alpha: 0.
               node_risk: 0.
               tree_risk: 0.
               tree_error: 0.
            -
               depth: 1
               sample_count: 4102
               value: -2.6723913801955662e-01
               norm_class_idx: 0
               Tn: 0
               complexity: 0
               alpha: 0.
               node_risk: 0.
               tree_risk: 0.
               tree_error: 0.
      -
         best_tree_idx: -1
         nodes:
            -
               depth: 0
               sample_count: 6805
               value: 1.5163160781770223e-03
               norm_class_idx: 1
               Tn: 0
               complexity: 0
               alpha: 0.
               node_risk: 0.
               tree_risk: 0.
               tree_error: 0.
               splits:
                  - { var:4082, quality:5.0301581621170044e-01,
                      le:4.4461175799369812e-02 }
            -
               depth: 1
               sample_count: 4522
               value: 1.2335159260450912e-01
               norm_class_idx: 1
               Tn: 0
               complexity: 0
               alpha: 0.
               node_risk: 0.
               tree_risk: 0.
               tree_error: 0.
            -
               depth: 1
               sample_count: 2283
               value: -5.2960416424627144e-01
               norm_class_idx: 0
               Tn: 0
               complexity: 0
               alpha: 0.
               node_risk: 0.
               tree_risk: 0.
               tree_error: 0.
      -
         best_tree_idx: -1
         nodes:
            -
               depth: 0
               sample_count: 5887
               value: 3.4611580543717946e-03
               norm_class_idx: 1
               Tn: 0
               complexity: 0
               alpha: 0.
               node_risk: 0.
               tree_risk: 0.
               tree_error: 0.
               splits:
                  - { var:454, quality:5.1617366075515747e-01,
                      le:2.7404624223709106e-01 }
            -
               depth: 1
               sample_count: 4607
               value: -1.8005129066707892e-01
               norm_class_idx: 0
               Tn: 0
               complexity: 0
               alpha: 0.
               node_risk: 0.
               tree_risk: 0.
               tree_error: 0.
            -
               depth: 1
               sample_count: 1280
               value: 5.2401452467946519e-01
               norm_class_idx: 1
               Tn: 0
               complexity: 0
               alpha: 0.
               node_risk: 0.
               tree_risk: 0.
               tree_error: 0.
      -
         best_tree_idx: -1
         nodes:
            -
               depth: 0
               sample_count: 6782
               value: -5.3672155944656970e-03
               norm_class_idx: 0
               Tn: 0
               complexity: 0
               alpha: 0.
               node_risk: 0.
               tree_risk: 0.
               tree_error: 0.
               splits:
                  - { var:4215, quality:5.0940811634063721e-01,
                      le:5.3190649487078190e-04 }
            -
               depth: 1
               sample_count: 1448
               value: 4.8538006710732962e-01
               norm_class_idx: 1
               Tn: 0
               complexity: 0
               alpha: 0.
               node_risk: 0.
               tree_risk: 0.
               tree_error: 0.
            -
               depth: 1
               sample_count: 5334
               value: -1.6559638466068421e-01
               norm_class_idx: 0
               Tn: 0
               complexity: 0
               alpha: 0.
               node_risk: 0.
               tree_risk: 0.
               tree_error: 0.
      -
         best_tree_idx: -1
         nodes:
            -
               depth: 0
               sample_count: 6104
               value: 9.8283550468002850e-04
               norm_class_idx: 1
               Tn: 0
               complexity: 0
               alpha: 0.
               node_risk: 0.
               tree_risk: 0.
               tree_error: 0.
               splits:
                  - { var:3784, quality:5.0620079040527344e-01,
                      le:2.8848421573638916e-01 }
            -
               depth: 1
               sample_count: 5558
               value: 8.1593987073533464e-02
               norm_class_idx: 1
               Tn: 0
               complexity: 0
               alpha: 0.
               node_risk: 0.
               tree_risk: 0.
               tree_error: 0.
            -
               depth: 1
               sample_count: 546
               value: -1.1437724606216724e+00
               norm_class_idx: 0
               Tn: 0
               complexity: 0
               alpha: 0.
               node_risk: 0.
               tree_risk: 0.
               tree_error: 0.
      -
         best_tree_idx: -1
         nodes:
            -
               depth: 0
               sample_count: 6008
               value: -1.1950115723713961e-03
               norm_class_idx: 0
               Tn: 0
               complexity: 0
               alpha: 0.
               node_risk: 0.
               tree_risk: 0.
               tree_error: 0.
               splits:
                  - { var:6268, quality:5.0429278612136841e-01,
                      le:1.0145585238933563e-01 }
            -
               depth: 1
               sample_count: 3827
               value: 1.3312018243245191e-01
               norm_class_idx: 1
               Tn: 0
               complexity: 0
               alpha: 0.
               node_risk: 0.
               tree_risk: 0.
               tree_error: 0.
            -
               depth: 1
               sample_count: 2181
               value: -5.0109649909382503e-01
               norm_class_idx: 0
               Tn: 0
               complexity: 0
               alpha: 0.
               node_risk: 0.
               tree_risk: 0.
               tree_error: 0.
      -
         best_tree_idx: -1
         nodes:
            -
               depth: 0
               sample_count: 5100
               value: 4.7639278174821898e-03
               norm_class_idx: 1
               Tn: 0
               complexity: 0
               alpha: 0.
               node_risk: 0.
               tree_risk: 0.
               tree_error: 0.
               splits:
                  - { var:7438, quality:5.0511842966079712e-01,
                      le:9.4432500191032887e-04 }
            -
               depth: 1
               sample_count: 2659
               value: -2.6138782173187625e-01
               norm_class_idx: 0
               Tn: 0
               complexity: 0
               alpha: 0.
               node_risk: 0.
               tree_risk: 0.
               tree_error: 0.
            -
               depth: 1
               sample_count: 2441
               value: 2.5352352702893027e-01
               norm_class_idx: 1
               Tn: 0
               complexity: 0
               alpha: 0.
               node_risk: 0.
               tree_risk: 0.
               tree_error: 0.
      -
         best_tree_idx: -1
         nodes:
            -
               depth: 0
               sample_count: 5758
               value: -3.8192774320599050e-03
               norm_class_idx: 0
               Tn: 0
               complexity: 0
               alpha: 0.
               node_risk: 0.
               tree_risk: 0.
               tree_error: 0.
               splits:
                  - { var:3689, quality:5.0057625770568848e-01,
                      le:2.1510621905326843e-01 }
            -
               depth: 1
               sample_count: 4501
               value: -1.5403288356562617e-01
               norm_class_idx: 0
               Tn: 0
               complexity: 0
               alpha: 0.
               node_risk: 0.
               tree_risk: 0.
               tree_error: 0.
            -
               depth: 1
               sample_count: 1257
               value: 3.7400008161887410e-01
               norm_class_idx: 1
               Tn: 0
               complexity: 0
               alpha: 0.
               node_risk: 0.
               tree_risk: 0.
               tree_error: 0.
      -
         best_tree_idx: -1
         nodes:
            -
               depth: 0
               sample_count: 5409
               value: 2.5806688961646520e-03
               norm_class_idx: 1
               Tn: 0
               complexity: 0
               alpha: 0.
               node_risk: 0.
               tree_risk: 0.
               tree_error: 0.
               splits:
                  - { var:3264, quality:5.0386911630630493e-01,
                      le:1.7890283465385437e-01 }
            -
               depth: 1
               sample_count: 4401
               value: 1.1663200480911771e-01
               norm_class_idx: 1
               Tn: 0
               complexity: 0
               alpha: 0.
               node_risk: 0.
               tree_risk: 0.
               tree_error: 0.
            -
               depth: 1
               sample_count: 1008
               value: -5.9406651218593454e-01
               norm_class_idx: 0
               Tn: 0
               complexity: 0
               alpha: 0.
               node_risk: 0.
               tree_risk: 0.
               tree_error: 0.
      -
         best_tree_idx: -1
         nodes:
            -
               depth: 0
               sample_count: 5568
               value: -1.9687396743249398e-03
               norm_class_idx: 0
               Tn: 0
               complexity: 0
               alpha: 0.
               node_risk: 0.
               tree_risk: 0.
               tree_error: 0.
               splits:
                  - { var:1172, quality:5.0383806228637695e-01,
                      le:3.4978824853897095e-01 }
            -
               depth: 1
               sample_count: 4403
               value: 1.1778185450203187e-01
               norm_class_idx: 1
               Tn: 0
               complexity: 0
               alpha: 0.
               node_risk: 0.
               tree_risk: 0.
               tree_error: 0.
            -
               depth: 1
               sample_count: 1165
               value: -5.6444610825041419e-01
               norm_class_idx: 0
               Tn: 0
               complexity: 0
               alpha: 0.
               node_risk: 0.
               tree_risk: 0.
               tree_error: 0.
      -
         best_tree_idx: -1
         nodes:
            -
               depth: 0
               sample_count: 5414
               value: -8.1654202243371457e-04
               norm_class_idx: 0
               Tn: 0
               complexity: 0
               alpha: 0.
               node_risk: 0.
               tree_risk: 0.
               tree_error: 0.
               splits:
                  - { var:3601, quality:4.9858883023262024e-01,
                      le:3.0385616421699524e-01 }
            -
               depth: 1
               sample_count: 4505
               value: -1.0309246046764853e-01
               norm_class_idx: 0
               Tn: 0
               complexity: 0
               alpha: 0.
               node_risk: 0.
               tree_risk: 0.
               tree_error: 0.
            -
               depth: 1
               sample_count: 909
               value: 5.3142990172104154e-01
               norm_class_idx: 1
               Tn: 0
               complexity: 0
               alpha: 0.
               node_risk: 0.
               tree_risk: 0.
               tree_error: 0.
      -
         best_tree_idx: -1
         nodes:
            -
               depth: 0
               sample_count: 5149
               value: 5.0855952732442242e-04
               norm_class_idx: 1
               Tn: 0
               complexity: 0
               alpha: 0.
               node_risk: 0.
               tree_risk: 0.
               tree_error: 0.
               splits:
                  - { var:4499, quality:5.0133669376373291e-01,
                      le:2.1566420793533325e-01 }
            -
               depth: 1
               sample_count: 3251
               value: -2.3487955046796169e-01
               norm_class_idx: 0
               Tn: 0
               complexity: 0
               alpha: 0.
               node_risk: 0.
               tree_risk: 0.
               tree_error: 0.
            -
               depth: 1
               sample_count: 1898
               value: 2.4500418911831751e-01
               norm_class_idx: 1
               Tn: 0
               complexity: 0
               alpha: 0.
               node_risk: 0.
               tree_risk: 0.
               tree_error: 0.
